% Marker 1
polar_patches = 
0 0 0 0 0 1 1 1 1 1 1 1 1 1 1 0 0 0 0 0 0 0 0 0 0 1 1 1 1 1 1
0 0 0 0 0 0.9999999999999999 0.9999999999999999 0.9999999999999999 1 0.9999999999999998 1 1 0.9999999999999998 1 1 0 0 0 0 0 0 0 0 0 0 1 0.9999999999999999 1 0.9999999999999999 1 0.9999999999999998
0 0 0 0 0 0.9999999999999997 1 1 0.9999999999999999 1 1 1 0.9999999999999999 1 1 0 0 0 0 0 0 0 0 0 0 0.9999999999999998 0.9999999999999998 0.9999999999999996 0.9999999999999999 0.9999999999999999 1
0 0 0 0 4.520862377991472e-05 1 1 1 1 0.9999999999999999 1 1 1 1 1 0 0 0 0 0 0 0 0 0 0 1 1 0.9999999999999998 1 1 0.9999999999999999
0 0 0 0 0 1 1 1 0.9999999999999999 1 1 1 0.9999999999999998 0.9999999999999998 1 -0.001273783555142002 0 0 0 0 0 0 0 0 0 0.9999999999999998 1 1 1 0.9999999999999999 1
0 0 0 0 0 1 0.9999999999999997 1 0.9999999999999999 1 0.9999999999999998 1 1 0.9999999999999998 0.9999999999999998 2.932018593963488e-05 0 0 0 0 0 0 0 0 0 0.9999518814304772 0.9999999999999999 1 0.9999999999999998 1 1
0 0 0 0 0 1 0.9999999999999998 1 1 1 1 1 1 0.9999999999999998 0.9999937709989546 -0.0002333822387645206 0 0 0 0 0 0 0 0 0 0.9999999999999999 1 1 1 1 1
0 0 0 0 0.0001093500087482663 0.9999999999999998 1 0.9999999999999999 1 1 1 1 0.9999999999999999 0.9999999999999999 1 -0.001682905591343772 0 0 0 0 0 0 0 0 0.0001792375142541325 0.9999422344124149 1 1 1 1 0.9999999999999998
0 0 0 0 7.725601441752777e-05 0.9996471449823044 1 1 1 0.9999999999999999 1 0.9999999999999998 1 0.9999999999999999 0.9999950055258652 -0.003402833509015938 0 0 0 0 0 0 0 0 2.59239751409978e-05 0.999892000038036 1 1 1 1 1
0 0 0 0 0 0.9999963355163343 1 1 1 0.9999999999999999 1 1 0.9999999999999999 1 0.9999328251789332 -0.0003050635038698176 0 0 0 0 0 0 0 0 4.029954366841265e-05 0.9996319114581828 0.9999999999999998 0.9999999999999999 0.9999999999999999 1 0.9999999999999998
0 0 0 0 2.20374199096357e-06 0.9999999999999999 0.9999999999999999 1 1 1 1 0.9999999999999997 1 1 1 -0.001484545344380446 0 0 0 0 0 0 0 0 0.0005084439273619736 0.9998792523007567 0.9999999999999999 0.9999999999999998 0.9999999999999999 1 1
0 0 0 0 0.0004007830279131778 0.9999521209109012 1 1 0.9999999999999999 0.9999999999999998 0.9999999999999998 0.9999999999999998 1 1 0.9999946121731396 -0.0006190060421381813 0 0 0 0 0 0 0 0 0 0.9999224247210299 0.9999999999999997 0.9999999999999998 0.9999999999999999 1 1
0 0 0 0 0.000245312853575408 1 0.9999999999999997 0.9999999999999999 1 1 1 1 0.9999999999999999 1 0.9999760426808915 0.0001572652832174794 0 0 0 0 0 0 0 0 0 0.9999999999999999 0.9999999999999999 1 1 0.9999999999999999 0.9999999999999999
0 0 0 0 7.402455836020939e-05 0.9996892375873616 0.9999999999999999 1 1 1 1 0.9999999999999999 1 1 0.9999944034038435 0.0004270786535903228 0 0 0 0 0 0 0 0 0.0002976095249432927 0.999879077485279 0.9999999999999999 1 1 1 0.9999999999999998
0 0 0 0 3.062666384566511e-05 0.9997333984818665 0.9999999999999998 0.9999999999999999 1 1 1 1 1 0.9999999999999999 0.9999503621101906 -0.0005859226643362277 0 0 0 0 0 0 0 0 0.0004833621253964157 0.9999476468402571 0.9999999999999999 1 0.9999999999999998 1 1
0 0 0 0 0 0.9997055246878442 0.9999999999999999 0.9999999999999999 1 1 0.9999999999999997 1 1 0.9999999999999999 0.9999999999999998 -0.001052263256205012 0 0 0 0 0 0 0 0 7.333821587223547e-07 0.9999999999999999 1 0.9999999999999999 0.9999999999999999 1 1
0 0 0 0 0.0003728817435361961 1 1 1 1 1 0.9999999999999999 1 1 1 0.9997640223480831 0.0005417571071683864 0 0 0 0 0 0 0 0 0.0002006368303936665 0.9997936318951581 1 1 0.9999999999999999 0.9999999999999999 0.9999999999999999
0 0 0 0 0 0.9999999999999999 0.9999999999999999 1 1 0.9999999999999998 1 1 0.9999999999999999 0.9999999999999999 0.9998345223178319 -0.0004351960920602524 0 0 0 0 0 0 0 0 0 1 0.9999999999999999 1 1 0.9999999999999998 0.9999999999999998
0 0 0 0 9.914376831624364e-05 0.9998193602888248 1 0.9999999999999999 1 0.9999999999999999 1 1 1 1 0.9999999999999999 -0.002281318851497303 0 0 0 0 0 0 0 0 0.0001079717618471181 1.000017068211962 1 1 1 1 1
0 0 0 0 0.0001259658892547906 1 1 0.9999999999999999 1 1 0.9999999999999998 0.9999999999999999 1 1 1 0.0006421201466289665 0 0 0 0 0 0 0 0 0 0.9998822976458234 1 1 1 1 1
0 0 0 0 0 0.9999999999999999 0.9999999999999998 1 1 1 1 0.9999999999999998 1 0.9999999999999999 0.9999999999999996 -0.003848142230808535 0 0 0 0 0 0 0 0 6.968607538668711e-05 0.9999772512151736 0.9999999999999999 0.9999999999999999 1 1 1
0 0 0 0 0 0.9999999999999999 1 0.9999999999999999 0.9999999999999998 0.9999999999999999 0.9999999999999999 0.9999999999999999 1 1 0.9999999999999998 0.000592804212357099 0 0 0 0 0 0 0 0 0 0.9999454731937651 0.9999999999999999 0.9999999999999997 0.9999999999999998 0.9999999999999998 0.9999999999999998
0 0 0 0 -1.070152616403041e-06 0.9999969280730185 0.9999999999999998 0.9999999999999997 1 1 1 1 1 1 0.9999999372761352 -0.0004057194013418478 0 0 0 0 0 0 0 0 0 0.9999803213503066 1 0.9999999999999998 1 0.9999999999999999 1
0 0 0 0 0 1 0.9999999999999999 1 1 0.9999999999999997 0.9999999999999999 0.9999999999999997 1 0.9999999999999999 0.9999995798358595 -3.732026330179321e-07 0 0 0 0 0 0 0 0 0 1 0.9999999999999996 1 1 1 1
0 0 0 0 0 1 0.9999999999999997 1 1 1 1 1 1 1 0.9999999999999999 0 0 0 0 0 0 0 0 0 0 1 1 1 1 1 1
0 0 0 0 0 0.9999999999999999 0.9999999999999998 1 0.9999999999999998 1 1 0.9999999999999997 0.9999999999999999 1 1 0 0 0 0 0 0 0 0 0 0 1 0.9999999999999999 1 1 0.9999999999999999 1
0 0 0 0 0 0.9999999999999999 0.9999999999999998 1 0.9999999999999998 0.9999999999999999 1 1 0.9999999999999999 1 1 0 0 0 0 0 0 0 0 0 0 1 0.9999999999999997 1 0.9999999999999999 0.9999999999999997 1
0 0 0 0 0 0.9999999999999999 1 0.9999999999999999 1 0.9999999999999998 1 1 0.9999999999999998 1 1 0 0 0 0 0 0 0 0 0 5.41509224294615e-06 0.9999999999999998 1 0.9999999999999999 1 1 0.9999999999999996
0 0 0 0 0 0.9999999999999997 1 1 0.9999999999999999 0.9999999999999999 1 1 1 0.9999999999999998 1 8.678412061429959e-06 0 0 0 0 0 0 0 0 0 1 0.9999999999999999 1 0.9999999999999996 1 0.9999999999999999
0 0 0 0 0 1 0.9999999999999998 0.9999999999999998 1 0.9999999999999999 1 1 0.9999999999999998 0.9999999999999998 1 0 0 0 0 0 0 0 0 0 -5.081457174244827e-08 0.9999660958119401 1 0.9999999999999998 1 1 1
0 0 0 0 0 0.9999374004536231 1 1 1 1 0.9999999999999997 0.9999999999999996 1 1 1 0.0004749334246434994 0 0 0 0 0 0 0 0 0 1 1 1 1 1 0.9999999999999997
0 0 0 0 0 0.9999666252437487 1 0.9999999999999998 1 0.9999999999999999 0.9999999999999999 0.9999999999999999 0.9999999999999998 0.9999999999999999 1 -0.004580552241522899 0 0 0 0 0 0 0 0 0 1 1 1 0.9999999999999997 0.9999999999999999 1
0 0 0 0 0 0.9999760145950498 1 1 0.9999999999999999 1 1 1 0.9999999999999999 1 1 0 0 0 0 0 0 0 0 0 0.0001943122004889703 0.9997823613817023 0.9999999999999999 1 1 1 0.9999999999999999
0 0 0 0 5.462600312990552e-05 1 0.9999999999999997 1 1 1 1 1 0.9999999999999999 1 0.9999999999999998 0.0001053502118928208 0 0 0 0 0 0 0 0 6.520332515052699e-05 0.9998955431221073 1 1 0.9999999999999999 1 1
0 0 0 0 -1.087272897017329e-05 0.9998309431589003 1 1 1 1 1 0.9999999999999999 1 0.9999999999999999 1 0.0003711574802723241 0 0 0 0 0 0 0 0 0 0.9999823571618048 1 0.9999999999999998 0.9999999999999998 0.9999999999999999 1
0 0 0 0 0.0002175578143930029 0.9996164056821039 0.9999999999999999 1 1 0.9999999999999999 0.9999999999999999 1 0.9999999999999999 0.9999999999999998 0.9999776038090623 -0.0001984505349043242 0 0 0 0 0 0 0 0 6.133002079591874e-05 0.9997175477362895 1 1 0.9999999999999998 1 1
0 0 0 0 0 0.999973521470876 0.9999999999999999 0.9999999999999997 1 1 1 1 0.9999999999999999 1 0.9999999999999998 -0.0003211439383681464 0 0 0 0 0 0 0 0 3.106930735120411e-05 0.9999999999999999 1 0.9999999999999997 0.9999999999999999 1 1
0 0 0 0 8.301136434391772e-05 0.9996058251532827 1 1 0.9999999999999997 0.9999999999999998 1 0.9999999999999999 0.9999999999999999 1 0.9999058699162715 -9.693023239331104e-05 0 0 0 0 0 0 0 0 1.17355389323139e-05 1 0.9999999999999999 0.9999999999999999 0.9999999999999999 1 1
0 0 0 0 0.0001379835128783067 0.9999334876699317 0.9999999999999999 1 1 1 0.9999999999999999 1 1 1 0.9999999999999999 0.0007976461386073408 0 0 0 0 0 0 0 0 0 1 1 1 1 1 1
0 0 0 0 0.0004231589323744799 0.9999901864320235 1 1 0.9999999999999999 1 1 0.9999999999999998 1 1 0.9999187147004216 -0.0003867535307838402 0 0 0 0 0 0 0 0 0.0001100672656284329 0.9996164793726443 0.9999999999999999 1 1 1 1
0 0 0 0 0.0003458142259091068 0.9999999999999999 1 1 1 1 0.9999999999999998 0.9999999999999999 1 0.9999999999999998 1 -0.0001922446212858823 0 0 0 0 0 0 0 0 0.0001250213039298916 0.9999333219200081 1 1 1 0.9999999999999999 0.9999999999999999
0 0 0 0 0 0.9999999999999997 0.9999999999999999 0.9999999999999997 1 1 0.9999999999999999 1 0.9999999999999999 1 0.9999999999999998 -0.001529912777291418 0 0 0 0 0 0 0 0 0 0.9999999999999998 0.9999999999999999 1 0.9999999999999999 0.9999999999999998 1
0 0 0 0 0.0002600923419453437 1.000005836788898 0.9999999999999999 1 0.9999999999999998 0.9999999999999998 0.9999999999999998 0.9999999999999997 1 1 0.9999999999999999 0 0 0 0 0 0 0 0 0 0 0.9999999999999998 1 1 1 1 1
0 0 0 0 0 1 1 0.9999999999999999 1 0.9999999999999998 0.9999999999999999 0.9999999999999998 0.9999999999999998 0.9999999999999998 1 0.0001113869036712819 0 0 0 0 0 0 0 0 0.0001074605789258306 0.9999405264561982 1 1 0.9999999999999999 1 1
0 0 0 0 7.361309813220461e-06 0.99990435048008 1 1 1 1 1 1 0.9999999999999998 1 0.9999934227056275 -0.0003137139613184148 0 0 0 0 0 0 0 0 9.147187091714587e-05 0.9996771230903072 1 1 1 1 0.9999999999999999
0 0 0 0 0.0001883997352295046 0.9999919773417383 0.9999999999999998 0.9999999999999998 0.9999999999999999 1 1 0.9999999999999999 0.9999999999999998 1 1 1.629871402382364e-05 0 0 0 0 0 0 0 0 0 1 1 0.9999999999999998 1 1 1
0 0 0 0 8.324051851898801e-05 0.9999996577566455 1 1 1 0.9999999999999997 1 1 1 1 0.9999788327026709 0 0 0 0 0 0 0 0 0 7.012977896300257e-05 1 1 1 0.9999999999999998 0.9999999999999998 0.9999999999999998
0 0 0 0 0 0.9999808835541318 0.9999999999999998 1 0.9999999999999998 0.9999999999999999 1 0.9999999999999998 1 1 1 -0.001959893717240569 0 0 0 0 0 0 0 0 0 1 1 1 1 1 1
0 0 0 0 0 1 0.9999999999999997 1 0.9999999999999999 1 1 0.9999999999999998 1 0.9999999999999999 1 -0.001644739756397705 0 0 0 0 0 0 0 0 2.619122466662583e-05 0.9999999999999998 1 0.9999999999999997 1 1 1
0 0 0 0 0 1 0.9999999999999998 1 0.9999999999999998 1 1 1 0.9999999999999998 1 0.9999999999999999 0 0 0 0 0 0 0 0 0 0 0.9999999999999999 0.9999999999999999 1 0.9999999999999999 0.9999999999999997 0.9999999999999999
0 0 0 0 0 1 1 1 1 1 0.9999999999999999 1 0.9999999999999998 1 1 0 0 0 0 0 0 0 0 0 0 1 0.9999999999999999 0.9999999999999999 1 0.9999999999999999 0.9999999999999999
0 0 0 0 0 1 1 1 0.9999999999999998 1 0.9999999999999998 1 1 1 1 0 0 0 0 0 0 0 0 0 0 0.9999999999999999 0.9999999999999999 1 0.9999999999999999 1 1
0 0 0 0 0 0.9999999999999998 0.9999999999999999 0.9999999999999998 0.9999999999999999 1 1 1 0.9999999999999998 1 0.9999999999999999 0 0 0 0 0 0 0 0 0 0 1 0.9999999999999999 1 1 0.9999999999999998 1
0 0 0 0 0 1 0.9999999999999998 1 0.9999999999999998 1 0.9999999999999996 0.9999999999999996 1 1 0.9999999999999999 -0.001644739756397877 0 0 0 0 0 0 0 0 2.619122466662854e-05 1 1 1 0.9999999999999999 1 1
0 0 0 0 0 0.9999808835541321 0.9999999999999999 1 1 1 0.9999999999999998 0.9999999999999997 1 1 1 -0.001959893717240807 0 0 0 0 0 0 0 0 0 1 1 0.9999999999999999 1 0.9999999999999999 1
0 0 0 0 9.156457037088683e-05 0.9999996888696774 1 1 1 0.9999999999999997 0.9999999999999999 0.9999999999999999 1 1 0.9999647211711182 0 0 0 0 0 0 0 0 0 8.415573475558753e-05 1 1 1 0.9999999999999999 0.9999999999999999 0.9999999999999998
0 0 0 0 0.0001883997352295261 0.9999919773417382 0.9999999999999999 0.9999999999999999 0.9999999999999999 1 0.9999999999999997 1 1 0.9999999999999999 0.9999889391514429 1.629871402383949e-05 0 0 0 0 0 0 0 0 0 0.9999999999999998 1 0.9999999999999999 1 0.9999999999999996 0.9999999999999999
0 0 0 0 9.372253148240899e-06 0.9999043504800801 1 1 0.9999999999999999 1 1 1 1 1 0.9999901340584416 -0.0003162408189447511 0 0 0 0 0 0 0 0 9.528319887206296e-05 0.9997001857267139 1 0.9999999999999998 0.9999999999999998 0.9999999999999999 0.9999999999999997
0 0 0 0 0 0.9999999999999998 1 1 0.9999999999999999 1 1 1 1 0.9999999999999999 1 0.0001113869036713468 0 0 0 0 0 0 0 0 0.000120893151291589 0.9999553948421489 0.9999999999999998 1 1 1 1
0 0 0 0 0.0002600923419453392 1.000005836788898 0.9999999999999999 1 0.9999999999999998 0.9999999999999998 0.9999999999999997 0.9999999999999997 1 0.9999999999999999 1 0 0 0 0 0 0 0 0 0 0 0.9999999999999999 1 1 0.9999999999999998 1 0.9999999999999998
0 0 0 0 0 1 1 0.9999999999999999 1 0.9999999999999999 0.9999999999999999 0.9999999999999999 1 0.9999999999999997 1 -0.001546421998444483 0 0 0 0 0 0 0 0 0 0.9999999999999998 1 1 1 1 0.9999999999999998
0 0 0 0 0.0003554201766288828 0.9999999999999999 0.9999999999999998 1 0.9999999999999998 1 1 1 1 0.9999999999999999 0.9999999999999999 -0.0001922446212859226 0 0 0 0 0 0 0 0 0.0001250213039298002 0.9999333219200082 0.9999999999999999 1 0.9999999999999998 0.9999999999999998 1
0 0 0 0 0.0004231589323745275 0.9999923672249073 1 1 1 1 0.9999999999999999 0.9999999999999999 1 0.9999999999999999 0.9999187147004214 -0.0003867535307837227 0 0 0 0 0 0 0 0 0.0001100672656283444 0.9996164793726443 0.9999999999999999 1 1 1 0.9999999999999999
0 0 0 0 0.0001379835128783067 0.9999366549237444 0.9999999999999999 1 1 0.9999999999999999 1 1 1 1 0.9999999999999998 0.0007976461386073186 0 0 0 0 0 0 0 0 0 1 1 1 1 1 0.9999999999999998
0 0 0 0 8.30113643439177e-05 0.9996386730571759 1 0.9999999999999998 1 0.9999999999999997 1 0.9999999999999999 0.9999999999999999 1 0.9999058699162714 -9.693023239325919e-05 0 0 0 0 0 0 0 0 1.173553893230375e-05 1 1 0.9999999999999999 0.9999999999999998 0.9999999999999998 1
0 0 0 0 0 0.9999823476472506 0.9999999999999997 0.9999999999999999 1 1 1 1 1 1 1 -0.0003237367872216815 0 0 0 0 0 0 0 0 3.624752524305241e-05 1 0.9999999999999998 1 1 0.9999999999999998 1
0 0 0 0 0.0002719472679912536 0.9996512778928217 0.9999999999999999 1 1 1 0.9999999999999999 1 1 0.9999999999999998 0.9999680054415175 -0.0001897644143765403 0 0 0 0 0 0 0 0 0 0.9997175477362895 1 1 1 0.9999999999999997 0.9999999999999999
0 0 0 0 -3.317202962991411e-05 0.9998872954392668 0.9999999999999999 1 1 0.9999999999999996 1 0.9999999999999999 1 1 0.9999999999999999 0.0003711574802722921 0 0 0 0 0 0 0 0 0 0.9999823571618046 0.9999999999999998 0.9999999999999998 0.9999999999999999 0.9999999999999999 1
0 0 0 0 5.462600312990707e-05 1 0.9999999999999998 1 1 1 0.9999999999999998 1 1 1 0.9999999999999998 0.0001053502118928208 0 0 0 0 0 0 0 0 6.520332515052691e-05 0.9999303620814047 0.9999999999999998 1 1 0.9999999999999999 0.9999999999999999
0 0 0 0 0 0.9999794410814712 1 1 0.9999999999999999 0.9999999999999999 0.9999999999999999 1 1 1 1 0 0 0 0 0 0 0 0 0 0.0002064567130194803 0.9997922540461709 0.9999999999999999 0.9999999999999999 0.9999999999999998 1 1
0 0 0 0 0 0.9999691925326913 1 1 0.9999999999999998 0.9999999999999999 0.9999999999999999 0.9999999999999999 0.9999999999999999 0.9999999999999998 1 0.0005211664064652349 0 0 0 0 0 0 0 0 3.079778789260723e-05 1 1 1 1 1 0.9999999999999998
0 0 0 0 0 0.9999374004536231 1 0.9999999999999998 1 1 0.9999999999999998 0.9999999999999998 1 1 1 0.0004749334246434993 0 0 0 0 0 0 0 0 0 1 0.9999999999999998 1 1 1 1
0 0 0 0 0 0.9999999999999999 0.9999999999999998 0.9999999999999999 1 1 1 0.9999999999999997 0.9999999999999999 0.9999999999999997 1 0 0 0 0 0 0 0 0 0 -1.331543855698402e-07 0.9999700845399471 0.9999999999999998 1 1 0.9999999999999999 1
0 0 0 0 0 1 1 0.9999999999999999 1 1 1 0.9999999999999998 0.9999999999999998 0.9999999999999998 0.9999999999999999 8.678412061419856e-06 0 0 0 0 0 0 0 0 0 1 1 1 0.9999999999999998 0.9999999999999998 0.9999999999999998
0 0 0 0 0 1 1 1 1 0.9999999999999996 1 1 0.9999999999999999 1 0.9999999999999999 0 0 0 0 0 0 0 0 0 1.083018448589231e-05 0.9999999999999999 1 1 1 1 0.9999999999999998
0 0 0 0 0 1 0.9999999999999999 1 0.9999999999999999 1 1 1 1 0.9999999999999999 1 0 0 0 0 0 0 0 0 0 0 0.9999999999999999 1 0.9999999999999998 1 1 1
0 0 0 0 0 0.9999999999999999 0.9999999999999998 1 1 1 1 0.9999999999999998 1 1 0.9999999999999999 0 0 0 0 0 0 0 0 0 0 1 0.9999999999999999 1 1 1 0.9999999999999999
0 0 0 0 0 1 0.9999999999999998 0.9999999999999999 1 1 0.9999999999999999 0.9999999999999999 1 0.9999999999999999 0.9999999999999999 0 0 0 0 0 0 0 0 0 0 0.9999999999999997 1 0.9999999999999999 0.9999999999999998 1 0.9999999999999999
0 0 0 0 0 0.9999999999999999 0.9999999999999999 1 0.9999999999999998 1 1 0.9999999999999998 0.9999999999999998 1 0.9999995798358592 -3.692365492365388e-07 0 0 0 0 0 0 0 0 0 0.9999999999999998 1 1 1 0.9999999999999999 0.9999999999999998
0 0 0 0 -1.198006397670061e-06 0.9999974400608489 1 0.9999999999999999 1 1 1 1 1 1 0.9999999372761353 -0.0004057194013418475 0 0 0 0 0 0 0 0 0 0.9999831325859769 1 1 1 1 1
0 0 0 0 0 1 0.9999999999999999 1 1 0.9999999999999999 1 0.9999999999999998 0.9999999999999998 1 0.9999999999999999 0.0005928042123570539 0 0 0 0 0 0 0 0 0 0.9999727365968826 0.9999999999999999 0.9999999999999998 1 1 0.9999999999999999
0 0 0 0 0 0.9999999999999999 0.9999999999999999 1 1 1 0.9999999999999999 1 0.9999999999999999 0.9999999999999998 1 0.0004360640983225607 0 0 0 0 0 0 0 0 0.0001626008425690056 0.9999751498324873 0.9999999999999997 1 1 1 0.9999999999999998
0 0 0 0 0.0001259658892547998 1 1 0.9999999999999999 0.9999999999999998 1 0.9999999999999998 0.9999999999999999 0.9999999999999998 0.9999999999999999 1 0.0006421201466289809 0 0 0 0 0 0 0 0 0 1 1 0.9999999999999999 1 1 0.9999999999999999
0 0 0 0 6.056291089218871e-05 0.9998193602888251 1 0.9999999999999999 1 0.9999999999999998 1 1 1 1 1 -0.002281318851497735 0 0 0 0 0 0 0 0 0.0001079717618470836 1.000012960705962 1 1 0.9999999999999999 0.9999999999999999 1
0 0 0 0 0 1 0.9999999999999999 1 1 0.9999999999999998 1 1 1 0.9999999999999999 0.9997977494995722 -0.0004185335130897925 0 0 0 0 0 0 0 0 0 1 1 1 1 0.9999999999999998 0.9999999999999999
0 0 0 0 0.0004101699178898156 1 0.9999999999999999 0.9999999999999999 0.9999999999999999 0.9999999999999999 1 1 1 0.9999999999999999 0.9997640223480833 0.0005417571071683864 0 0 0 0 0 0 0 0 0.0002188765422476572 0.9998452239213685 1 1 1 1 0.9999999999999999
0 0 0 0 0 0.9997607388088733 0.9999999999999999 1 1 0.9999999999999999 0.9999999999999999 1 1 0.9999999999999999 1 -0.001112996714040684 0 0 0 0 0 0 0 0 7.808387217783637e-07 1 0.9999999999999998 1 0.9999999999999999 1 1
0 0 0 0 3.062666384566511e-05 0.9997333984818668 0.9999999999999999 1 1 1 1 1 1 1 0.9999496156757577 -0.0005878134541025845 0 0 0 0 0 0 0 0 0.0005102155768074617 0.9999476468402571 0.9999999999999999 1 0.9999999999999999 0.9999999999999997 1
0 0 0 0 7.402455836019904e-05 0.9997075177292812 1 1 1 0.9999999999999999 1 0.9999999999999999 1 1 0.9999941600735757 0.0004270786535901974 0 0 0 0 0 0 0 0 0.0002976095249433632 0.9998790774852792 0.9999999999999998 1 0.9999999999999999 1 1
0 0 0 0 0.000245312853575408 1 1 1 1 1 1 1 0.9999999999999999 1 0.9999760426808916 0.0001572652832173905 0 0 0 0 0 0 0 0 0 1 1 0.9999999999999997 0.9999999999999999 0.9999999999999999 1
0 0 0 0 0.0004508809064021942 0.9999521209109016 0.9999999999999999 1 0.9999999999999998 0.9999999999999998 0.9999999999999999 0.9999999999999998 1 1 0.9999944766303255 -0.0006221623403120994 0 0 0 0 0 0 0 0 0 0.9999263034849786 0.9999999999999998 1 1 1 1
0 0 0 0 -5.002267924399528e-06 0.9999999999999999 0.9999999999999998 0.9999999999999999 0.9999999999999999 0.9999999999999999 0.9999999999999999 1 0.9999999999999998 1 1 -0.001484545344380324 0 0 0 0 0 0 0 0 0.0005084439273620104 0.9999396261503785 0.9999999999999998 0.9999999999999998 1 0.9999999999999998 1
0 0 0 0 0 0.9999963355163343 0.9999999999999999 0.9999999999999999 1 1 0.9999999999999999 1 1 1 0.9999315577294798 -0.0003050635038695158 0 0 0 0 0 0 0 0 4.029954366840417e-05 0.9996319114581825 1 1 1 0.9999999999999998 0.9999999999999999
0 0 0 0 7.725601441757759e-05 0.9996742876759731 0.9999999999999999 1 1 1 1 1 1 1 0.9999950055258651 -0.003402833509015643 0 0 0 0 0 0 0 0 2.592397514094395e-05 0.9998920000380361 0.9999999999999998 1 0.9999999999999998 1 1
0 0 0 0 0.0001093500087482663 1 1 1 0.9999999999999999 0.9999999999999999 1 0.9999999999999999 1 0.9999999999999999 1 -0.001682905591344009 0 0 0 0 0 0 0 0 0.0001792375142541325 0.9999480950717977 1 1 1 0.9999999999999999 0.9999999999999999
0 0 0 0 0 1 0.9999999999999999 1 1 1 1 1 1 0.9999999999999999 0.9999934595489023 -0.0002057836982062624 0 0 0 0 0 0 0 0 0 0.9999999999999999 1 1 1 0.9999999999999998 0.9999999999999998
0 0 0 0 0 1 1 1 1 1 0.9999999999999998 1 0.9999999999999999 0.9999999999999997 0.9999999999999998 0 0 0 0 0 0 0 0 0 0 0.9999518814304773 0.9999999999999997 1 1 1 1
0 0 0 0 0 1 1 1 0.9999999999999999 1 1 1 0.9999999999999998 1 1 -0.001279766316116432 0 0 0 0 0 0 0 0 0 1 1 1 1 0.9999999999999999 0.9999999999999999
0 0 0 0 4.520862377992105e-05 1 1 1 0.9999999999999998 0.9999999999999998 1 1 1 1 0.9999999999999998 0 0 0 0 0 0 0 0 0 0 1 1 1 1 1 0.9999999999999998
0 0 0 0 0 0.9999999999999999 1 1 0.9999999999999999 1 1 1 0.9999999999999998 1 1 0 0 0 0 0 0 0 0 0 0 0.9999999999999997 0.9999999999999997 0.9999999999999998 0.9999999999999998 1 1
0 0 0 0 0 0.9999999999999999 0.9999999999999998 1 1 0.9999999999999999 1 1 0.9999999999999999 1 1 0 0 0 0 0 0 0 0 0 0 1 1 1 0.9999999999999999 1 0.9999999999999997

% Marker 2
polar_patches = 
0 0 0 0 0 1 1 1 1 1 1 1 1 1 1 0 0 0 0 0 0 0 0 0 0 1 1 1 1 1 1
0 0 0 0 0 0.9999999999999999 0.9999999999999999 0.9999999999999999 1 0.9999999999999998 1 1 0.9999999999999998 1 1 0 0 0 0 0 0 0 0 0 0 1 0.9999999999999999 1 0.9999999999999999 1 0.9999999999999998
0 0 0 0 0 0.9999999999999997 1 1 0.9999999999999999 1 1 1 0.9999999999999999 1 1 0 0 0 0 0 0 0 0 0 0 0.9999999999999998 0.9999999999999998 0.9999999999999996 0.9999999999999999 0.9999999999999999 1
0 0 0 0 4.520862377991472e-05 1 1 1 1 0.9999999999999999 1 1 1 1 1 0 0 0 0 0 0 0 0 0 0 1 1 0.9999999999999998 1 1 0.9999999999999999
0 0 0 0 0 1 1 1 0.9999999999999999 1 1 1 0.9999999999999998 0.9999999999999998 1 -0.001273783555142002 0 0 0 0 0 0 0 0 0 0.9999999999999998 1 1 1 0.9999999999999999 1
0 0 0 0 0 1 0.9999999999999997 1 0.9999999999999999 1 0.9999999999999998 1 1 0.9999999999999998 0.9999999999999998 2.932018593963488e-05 0 0 0 0 0 0 0 0 0 0.9999518814304772 0.9999999999999999 1 0.9999999999999998 1 1
0 0 0 0 0 1 0.9999999999999998 1 1 1 1 1 1 0.9999999999999998 0.9999937709989546 -0.0002333822387645206 0 0 0 0 0 0 0 0 0 0.9999999999999999 1 1 1 1 1
0 0 0 0 0.0001093500087482663 0.9999999999999998 1 0.9999999999999999 1 1 1 1 0.9999999999999999 0.9999999999999999 1 -0.001682905591343772 0 0 0 0 0 0 0 0 0.0001792375142541325 0.9999422344124149 1 1 1 1 0.9999999999999998
0 0 0 0 7.725601441752777e-05 0.9996471449823044 1 1 1 0.9999999999999999 1 0.9999999999999998 1 0.9999999999999999 0.9999950055258652 -0.003402833509015938 0 0 0 0 0 0 0 0 2.59239751409978e-05 0.999892000038036 1 1 1 1 1
0 0 0 0 0 0.9999963355163343 1 1 1 0.9999999999999999 1 1 0.9999999999999999 1 0.9999328251789332 -0.0003050635038698176 0 0 0 0 0 0 0 0 4.029954366841265e-05 0.9996319114581828 0.9999999999999998 0.9999999999999999 0.9999999999999999 1 0.9999999999999998
0 0 0 0 2.20374199096357e-06 0.9999999999999999 0.9999999999999999 1 1 1 1 0.9999999999999997 1 1 1 -0.001484545344380446 0 0 0 0 0 0 0 0 0.0005084439273619736 0.9998792523007567 0.9999999999999999 0.9999999999999998 0.9999999999999999 1 1
0 0 0 0 0.0004007830279131778 0.9999521209109012 1 1 0.9999999999999999 0.9999999999999998 0.9999999999999998 0.9999999999999998 1 1 0.9999946121731396 -0.0006190060421381813 0 0 0 0 0 0 0 0 0 0.9999224247210299 0.9999999999999997 0.9999999999999998 0.9999999999999999 1 1
0 0 0 0 0.000245312853575408 1 0.9999999999999997 0.9999999999999999 1 1 1 1 0.9999999999999999 1 0.9999760426808915 0.0001572652832174794 0 0 0 0 0 0 0 0 0 0.9999999999999999 0.9999999999999999 1 1 0.9999999999999999 0.9999999999999999
0 0 0 0 7.402455836020939e-05 0.9996892375873616 0.9999999999999999 1 1 1 1 0.9999999999999999 1 1 0.9999944034038435 0.0004270786535903228 0 0 0 0 0 0 0 0 0.0002976095249432927 0.999879077485279 0.9999999999999999 1 1 1 0.9999999999999998
0 0 0 0 3.062666384566511e-05 0.9997333984818665 0.9999999999999998 0.9999999999999999 1 1 1 1 1 0.9999999999999999 0.9999503621101906 -0.0005859226643362277 0 0 0 0 0 0 0 0 0.0004833621253964157 0.9999476468402571 0.9999999999999999 1 0.9999999999999998 1 1
0 0 0 0 0 0.9997055246878442 0.9999999999999999 0.9999999999999999 1 1 0.9999999999999997 1 1 0.9999999999999999 0.9999999999999998 -0.001052263256205012 0 0 0 0 0 0 0 0 7.333821587223547e-07 0.9999999999999999 1 0.9999999999999999 0.9999999999999999 1 1
0 0 0 0 0.0003728817435361961 1 1 1 1 1 0.9999999999999999 1 1 1 0.9997640223480831 0.0005417571071683864 0 0 0 0 0 0 0 0 0.0002006368303936665 0.9997936318951581 1 1 0.9999999999999999 0.9999999999999999 0.9999999999999999
0 0 0 0 0 0.9999999999999999 0.9999999999999999 1 1 0.9999999999999998 1 1 0.9999999999999999 0.9999999999999999 0.9998345223178319 -0.0004351960920602524 0 0 0 0 0 0 0 0 0 1 0.9999999999999999 1 1 0.9999999999999998 0.9999999999999998
0 0 0 0 9.914376831624364e-05 0.9998193602888248 1 0.9999999999999999 1 0.9999999999999999 1 1 1 1 0.9999999999999999 -0.002281318851497303 0 0 0 0 0 0 0 0 0.0001079717618471181 1.000017068211962 1 1 1 1 1
0 0 0 0 0.0001259658892547906 1 1 0.9999999999999999 1 1 0.9999999999999998 0.9999999999999999 1 1 1 0.0006421201466289665 0 0 0 0 0 0 0 0 0 0.9998822976458234 1 1 1 1 1
0 0 0 0 0 0.9999999999999999 0.9999999999999998 1 1 1 1 0.9999999999999998 1 0.9999999999999999 0.9999999999999996 -0.0873384736521288 0.002473283403961355 -0.04471068971278316 -0.03612164937571305 -0.008743552964030735 -0.05037188860040917 -0.0003207736127353518 -0.03775105721367173 -0.01380840742482498 -0.0118355514571181 0.9999772512151736 0.9999999999999999 0.9999999999999999 1 1 1
0 0 0 0 0 0.9999999999999999 1 0.9999999999999999 0.9999999999999998 0.9999999999999999 0.9999999999999999 0.9999999999999999 1 1 0.9999999999999998 0.9999999999999999 0.9999999999999999 0.9999999999999999 0.9999999999999997 1 0.9999999999999998 0.9999999999999998 1 1 1 0.9999999999999998 0.9999999999999999 0.9999999999999997 0.9999999999999998 0.9999999999999998 0.9999999999999998
0 0 0 0 -1.070152616403041e-06 0.9999969280730185 0.9999999999999998 0.9999999999999997 1 1 1 1 1 1 0.9999999999999999 0.9999999999999999 1 0.9999999999999999 1 1 1 1 1 1 1 1 1 0.9999999999999998 1 0.9999999999999999 1
0 0 0 0 0 1 0.9999999999999999 1 1 0.9999999999999997 0.9999999999999999 0.9999999999999997 1 0.9999999999999999 1 1 1 1 1 0.9999999999999996 1 0.9999999999999998 0.9999999999999999 1 1 1 0.9999999999999996 1 1 1 1
0 0 0 0 0 1 0.9999999999999997 1 1 1 1 1 1 1 0.9999999999999999 1 0.9999999999999998 1 0.9999999999999999 1 1 1 0.9999999999999998 0.9999999999999999 0.9999999999999997 1 1 1 1 1 1
0 0 0 0 0 0.9999999999999999 0.9999999999999998 1 0.9999999999999998 1 1 0.9999999999999997 0.9999999999999999 1 1 1 0.9999999999999999 1 1 0.9999999999999996 1 1 1 1 1 1 0.9999999999999999 1 1 0.9999999999999999 1
0 0 0 0 0 0.9999999999999999 0.9999999999999998 1 0.9999999999999998 0.9999999999999999 1 1 0.9999999999999999 1 1 1 0.9999999999999998 1 1 1 0.9999999999999999 1 1 0.9999999999999998 1 1 0.9999999999999997 1 0.9999999999999999 0.9999999999999997 1
0 0 0 0 0 0.9999999999999999 1 0.9999999999999999 1 0.9999999999999998 1 1 0.9999999999999998 1 1 0.9999999999999999 1 1 1 1 1 1 0.9999999999999999 1 1 0.9999999999999998 1 0.9999999999999999 1 1 0.9999999999999996
0 0 0 0 0 0.9999999999999997 1 1 0.9999999999999999 0.9999999999999999 1 1 1 0.9999999999999998 1 1 1 1 1 0.9999999999999998 0.9999999999999999 0.9999999999999998 0.9999999999999999 1 1 1 0.9999999999999999 1 0.9999999999999996 1 0.9999999999999999
0 0 0 0 0 1 0.9999999999999998 0.9999999999999998 1 0.9999999999999999 1 1 0.9999999999999998 0.9999999999999998 1 0.9999999999999999 1 1 0.9999999999999999 1 1 0.9999999999999999 1 1 1 0.9999999999999998 1 0.9999999999999998 1 1 1
0 0 0 0 0 0.9999374004536231 1 1 1 1 0.9999999999999997 0.9999999999999996 1 1 1 0.9999752019968984 1 0.9999481291250437 1 0.9999692617249585 1 1 1 1 1 1 1 1 1 1 0.9999999999999997
0 0 0 0 0 0.9999666252437487 1 0.9999999999999998 1 0.9999999999999999 0.9999999999999999 0.9999999999999999 0.9999999999999998 0.9999999999999999 1 -0.004580552241522899 0 0 0 0 0 0 0 0 0 1 1 1 0.9999999999999997 0.9999999999999999 1
0 0 0 0 0 0.9999760145950498 1 1 0.9999999999999999 1 1 1 0.9999999999999999 1 1 0 0 0 0 0 0 0 0 0 0.0001943122004889703 0.9997823613817023 0.9999999999999999 1 1 1 0.9999999999999999
0 0 0 0 5.462600312990552e-05 1 0.9999999999999997 1 1 1 1 1 0.9999999999999999 1 0.9999999999999998 0.0001053502118928208 0 0 0 0 0 0 0 0 6.520332515052699e-05 0.9998955431221073 1 1 0.9999999999999999 1 1
0 0 0 0 -1.087272897017329e-05 0.9998309431589003 1 1 1 1 1 0.9999999999999999 1 0.9999999999999999 1 0.0003711574802723241 0 0 0 0 0 0 0 0 0 0.9999823571618048 1 0.9999999999999998 0.9999999999999998 0.9999999999999999 1
0 0 0 0 0.0002175578143930029 0.9996164056821039 0.9999999999999999 1 1 0.9999999999999999 0.9999999999999999 1 0.9999999999999999 0.9999999999999998 0.9999776038090623 -0.0001984505349043242 0 0 0 0 0 0 0 0 6.133002079591874e-05 0.9997175477362895 1 1 0.9999999999999998 1 1
0 0 0 0 0 0.999973521470876 0.9999999999999999 0.9999999999999997 1 1 1 1 0.9999999999999999 1 0.9999999999999998 -0.0003211439383681464 0 0 0 0 0 0 0 0 3.106930735120411e-05 0.9999999999999999 1 0.9999999999999997 0.9999999999999999 1 1
0 0 0 0 8.301136434391772e-05 0.9996058251532827 1 1 0.9999999999999997 0.9999999999999998 1 0.9999999999999999 0.9999999999999999 1 0.9999058699162715 -9.693023239331104e-05 0 0 0 0 0 0 0 0 1.17355389323139e-05 1 0.9999999999999999 0.9999999999999999 0.9999999999999999 1 1
0 0 0 0 0.0001379835128783067 0.9999334876699317 0.9999999999999999 1 1 1 0.9999999999999999 1 1 1 0.9999999999999999 0.0007976461386073408 0 0 0 0 0 0 0 0 0 1 1 1 1 1 1
0 0 0 0 0.0004231589323744799 0.9999901864320235 1 1 0.9999999999999999 1 1 0.9999999999999998 1 1 0.9999187147004216 -0.0003867535307838402 0 0 0 0 0 0 0 0 0.0001100672656284329 0.9996164793726443 0.9999999999999999 1 1 1 1
0 0 0 0 0.0003458142259091068 0.9999999999999999 1 1 1 1 0.9999999999999998 0.9999999999999999 1 0.9999999999999998 1 -0.0001922446212858823 0 0 0 0 0 0 0 0 0.0001250213039298916 0.9999333219200081 1 1 1 0.9999999999999999 0.9999999999999999
0 0 0 0 0 0.9999999999999997 0.9999999999999999 0.9999999999999997 1 1 0.9999999999999999 1 0.9999999999999999 1 0.9999999999999998 -0.001529912777291418 0 0 0 0 0 0 0 0 0 0.9999999999999998 0.9999999999999999 1 0.9999999999999999 0.9999999999999998 1
0 0 0 0 0.0002600923419453437 1.000005836788898 0.9999999999999999 1 0.9999999999999998 0.9999999999999998 0.9999999999999998 0.9999999999999997 1 1 0.9999999999999999 0 0 0 0 0 0 0 0 0 0 0.9999999999999998 1 1 1 1 1
0 0 0 0 0 1 1 0.9999999999999999 1 0.9999999999999998 0.9999999999999999 0.9999999999999998 0.9999999999999998 0.9999999999999998 1 0.0001113869036712819 0 0 0 0 0 0 0 0 0.0001074605789258306 0.9999405264561982 1 1 0.9999999999999999 1 1
0 0 0 0 7.361309813220461e-06 0.99990435048008 1 1 1 1 1 1 0.9999999999999998 1 0.9999934227056275 -0.0003137139613184148 0 0 0 0 0 0 0 0 9.147187091714587e-05 0.9996771230903072 1 1 1 1 0.9999999999999999
0 0 0 0 0.0001883997352295046 0.9999919773417383 0.9999999999999998 0.9999999999999998 0.9999999999999999 1 1 0.9999999999999999 0.9999999999999998 1 1 1.629871402382364e-05 0 0 0 0 0 0 0 0 0 1 1 0.9999999999999998 1 1 1
0 0 0 0 8.324051851898801e-05 0.9999996577566455 1 1 1 0.9999999999999997 1 1 1 1 0.9999788327026709 0 0 0 0 0 0 0 0 0 7.012977896300257e-05 1 1 1 0.9999999999999998 0.9999999999999998 0.9999999999999998
0 0 0 0 0 0.9999808835541318 0.9999999999999998 1 0.9999999999999998 0.9999999999999999 1 0.9999999999999998 1 1 1 -0.001959893717240569 0 0 0 0 0 0 0 0 0 1 1 1 1 1 1
0 0 0 0 0 1 0.9999999999999997 1 0.9999999999999999 1 1 0.9999999999999998 1 0.9999999999999999 1 -0.001644739756397705 0 0 0 0 0 0 0 0 2.619122466662583e-05 0.9999999999999998 1 0.9999999999999997 1 1 1
0 0 0 0 0 1 0.9999999999999998 1 0.9999999999999998 1 1 1 0.9999999999999998 1 0.9999999999999999 0 0 0 0 0 0 0 0 0 0 0.9999999999999999 0.9999999999999999 1 0.9999999999999999 0.9999999999999997 0.9999999999999999
0 0 0 0 0 1 1 1 1 1 0.9999999999999999 1 0.9999999999999998 1 1 0 0 0 0 0 0 0 0 0 0 1 0.9999999999999999 0.9999999999999999 1 0.9999999999999999 0.9999999999999999
0 0 0 0 0 1 1 1 0.9999999999999998 1 0.9999999999999998 1 1 1 1 0 0 0 0 0 0 0 0 0 0 0.9999999999999999 0.9999999999999999 1 0.9999999999999999 1 1
0 0 0 0 0 0.9999999999999998 0.9999999999999999 0.9999999999999998 0.9999999999999999 1 1 1 0.9999999999999998 1 0.9999999999999999 0 0 0 0 0 0 0 0 0 0 1 0.9999999999999999 1 1 0.9999999999999998 1
0 0 0 0 0 1 0.9999999999999998 1 0.9999999999999998 1 0.9999999999999996 0.9999999999999996 1 1 0.9999999999999999 -0.001644739756397877 0 0 0 0 0 0 0 0 2.619122466662854e-05 1 1 1 0.9999999999999999 1 1
0 0 0 0 0 0.9999808835541321 0.9999999999999999 1 1 1 0.9999999999999998 0.9999999999999997 1 1 1 -0.001959893717240807 0 0 0 0 0 0 0 0 0 1 1 0.9999999999999999 1 0.9999999999999999 1
0 0 0 0 9.156457037088683e-05 0.9999996888696774 1 1 1 0.9999999999999997 0.9999999999999999 0.9999999999999999 1 1 0.9999647211711182 0 0 0 0 0 0 0 0 0 8.415573475558753e-05 1 1 1 0.9999999999999999 0.9999999999999999 0.9999999999999998
0 0 0 0 0.0001883997352295261 0.9999919773417382 0.9999999999999999 0.9999999999999999 0.9999999999999999 1 0.9999999999999997 1 1 0.9999999999999999 0.9999889391514429 1.629871402383949e-05 0 0 0 0 0 0 0 0 0 0.9999999999999998 1 0.9999999999999999 1 0.9999999999999996 0.9999999999999999
0 0 0 0 9.372253148240899e-06 0.9999043504800801 1 1 0.9999999999999999 1 1 1 1 1 0.9999901340584416 -0.0003162408189447511 0 0 0 0 0 0 0 0 9.528319887206296e-05 0.9997001857267139 1 0.9999999999999998 0.9999999999999998 0.9999999999999999 0.9999999999999997
0 0 0 0 0 0.9999999999999998 1 1 0.9999999999999999 1 1 1 1 0.9999999999999999 1 0.0001113869036713468 0 0 0 0 0 0 0 0 0.000120893151291589 0.9999553948421489 0.9999999999999998 1 1 1 1
0 0 0 0 0.0002600923419453392 1.000005836788898 0.9999999999999999 1 0.9999999999999998 0.9999999999999998 0.9999999999999997 0.9999999999999997 1 0.9999999999999999 1 0 0 0 0 0 0 0 0 0 0 0.9999999999999999 1 1 0.9999999999999998 1 0.9999999999999998
0 0 0 0 0 1 1 0.9999999999999999 1 0.9999999999999999 0.9999999999999999 0.9999999999999999 1 0.9999999999999997 1 -0.001546421998444483 0 0 0 0 0 0 0 0 0 0.9999999999999998 1 1 1 1 0.9999999999999998
0 0 0 0 0.0003554201766288828 0.9999999999999999 0.9999999999999998 1 0.9999999999999998 1 1 1 1 0.9999999999999999 0.9999999999999999 -0.0001922446212859226 0 0 0 0 0 0 0 0 0.0001250213039298002 0.9999333219200082 0.9999999999999999 1 0.9999999999999998 0.9999999999999998 1
0 0 0 0 0.0004231589323745275 0.9999923672249073 1 1 1 1 0.9999999999999999 0.9999999999999999 1 0.9999999999999999 0.9999187147004214 -0.0003867535307837227 0 0 0 0 0 0 0 0 0.0001100672656283444 0.9996164793726443 0.9999999999999999 1 1 1 0.9999999999999999
0 0 0 0 0.0001379835128783067 0.9999366549237444 0.9999999999999999 1 1 0.9999999999999999 1 1 1 1 0.9999999999999998 0.0007976461386073186 0 0 0 0 0 0 0 0 0 1 1 1 1 1 0.9999999999999998
0 0 0 0 8.30113643439177e-05 0.9996386730571759 1 0.9999999999999998 1 0.9999999999999997 1 0.9999999999999999 0.9999999999999999 1 0.9999058699162714 -9.693023239325919e-05 0 0 0 0 0 0 0 0 1.173553893230375e-05 1 1 0.9999999999999999 0.9999999999999998 0.9999999999999998 1
0 0 0 0 0 0.9999823476472506 0.9999999999999997 0.9999999999999999 1 1 1 1 1 1 1 -0.0003237367872216815 0 0 0 0 0 0 0 0 3.624752524305241e-05 1 0.9999999999999998 1 1 0.9999999999999998 1
0 0 0 0 0.0002719472679912536 0.9996512778928217 0.9999999999999999 1 1 1 0.9999999999999999 1 1 0.9999999999999998 0.9999680054415175 -0.0001897644143765403 0 0 0 0 0 0 0 0 0 0.9997175477362895 1 1 1 0.9999999999999997 0.9999999999999999
0 0 0 0 -3.317202962991411e-05 0.9998872954392668 0.9999999999999999 1 1 0.9999999999999996 1 0.9999999999999999 1 1 0.9999999999999999 0.0003711574802722921 0 0 0 0 0 0 0 0 0 0.9999823571618046 0.9999999999999998 0.9999999999999998 0.9999999999999999 0.9999999999999999 1
0 0 0 0 5.462600312990707e-05 1 0.9999999999999998 1 1 1 0.9999999999999998 1 1 1 0.9999999999999998 0.0001053502118928208 0 0 0 0 0 0 0 0 6.520332515052691e-05 0.9999303620814047 0.9999999999999998 1 1 0.9999999999999999 0.9999999999999999
0 0 0 0 0 0.9999794410814712 1 1 0.9999999999999999 0.9999999999999999 0.9999999999999999 1 1 1 1 0 0 0 0 0 0 0 0 0 0.0002064567130194803 0.9997922540461709 0.9999999999999999 0.9999999999999999 0.9999999999999998 1 1
0 0 0 0 0 0.9999691925326913 1 1 0.9999999999999998 0.9999999999999999 0.9999999999999999 0.9999999999999999 0.9999999999999999 0.9999999999999998 1 0.0005211664064652349 0 0 0 0 0 0 0 0 3.079778789260723e-05 1 1 1 1 1 0.9999999999999998
0 0 0 0 0 0.9999374004536231 1 0.9999999999999998 1 1 0.9999999999999998 0.9999999999999998 1 1 1 0.9999752019968985 1 0.9999481291250438 1 0.9999692617249583 0.9999999999999999 0.9999999999999999 1 0.9999999999999999 0.9999999999999999 1 0.9999999999999998 1 1 1 1
0 0 0 0 0 0.9999999999999999 0.9999999999999998 0.9999999999999999 1 1 1 0.9999999999999997 0.9999999999999999 0.9999999999999997 1 1 0.9999999999999997 1 1 0.9999999999999997 1 0.9999999999999999 0.9999999999999999 1 1 0.9999999999999998 0.9999999999999998 1 1 0.9999999999999999 1
0 0 0 0 0 1 1 0.9999999999999999 1 1 1 0.9999999999999998 0.9999999999999998 0.9999999999999998 0.9999999999999999 1 0.9999999999999999 1 0.9999999999999998 1 0.9999999999999999 1 0.9999999999999999 0.9999999999999999 0.9999999999999998 1 1 1 0.9999999999999998 0.9999999999999998 0.9999999999999998
0 0 0 0 0 1 1 1 1 0.9999999999999996 1 1 0.9999999999999999 1 0.9999999999999999 0.9999999999999998 1 1 0.9999999999999999 0.9999999999999998 1 1 0.9999999999999999 1 1 0.9999999999999999 1 1 1 1 0.9999999999999998
0 0 0 0 0 1 0.9999999999999999 1 0.9999999999999999 1 1 1 1 0.9999999999999999 1 1 1 0.9999999999999999 1 1 1 1 0.9999999999999999 0.9999999999999997 0.9999999999999999 0.9999999999999999 1 0.9999999999999998 1 1 1
0 0 0 0 0 0.9999999999999999 0.9999999999999998 1 1 1 1 0.9999999999999998 1 1 0.9999999999999999 1 0.9999999999999999 1 1 0.9999999999999999 0.9999999999999999 1 1 1 1 1 0.9999999999999999 1 1 1 0.9999999999999999
0 0 0 0 0 1 0.9999999999999998 0.9999999999999999 1 1 0.9999999999999999 0.9999999999999999 1 0.9999999999999999 0.9999999999999999 0.9999999999999999 1 1 0.9999999999999998 1 1 1 0.9999999999999999 1 0.9999999999999999 0.9999999999999997 1 0.9999999999999999 0.9999999999999998 1 0.9999999999999999
0 0 0 0 0 0.9999999999999999 0.9999999999999999 1 0.9999999999999998 1 1 0.9999999999999998 0.9999999999999998 1 1 1 1 0.9999999999999999 0.9999999999999999 1 0.9999999999999997 1 1 1 0.9999999999999998 0.9999999999999998 1 1 1 0.9999999999999999 0.9999999999999998
0 0 0 0 -1.198006397670061e-06 0.9999974400608489 1 0.9999999999999999 1 1 1 1 1 1 0.9999999999999999 1 1 0.9999999999999998 0.9999999999999998 1 1 1 1 1 1 0.9999999999999999 1 1 1 1 1
0 0 0 0 0 1 0.9999999999999999 1 1 0.9999999999999999 1 0.9999999999999998 0.9999999999999998 1 0.9999999999999999 1 0.9999999999999996 0.9999999999999999 1 1 1 1 1 1 1 0.9999999999999999 0.9999999999999999 0.9999999999999998 1 1 0.9999999999999999
0 0 0 0 0 0.9999999999999999 0.9999999999999999 1 1 1 0.9999999999999999 1 0.9999999999999999 0.9999999999999998 1 -0.08305426732300267 0.002473283403974146 -0.04471068971279139 -0.03612164937570854 -0.008743552964035948 -0.05037188860041181 -0.0003207736127334696 -0.03775105721367893 -0.01380840742482526 -0.01174263668994273 0.9999751498324873 0.9999999999999997 1 1 1 0.9999999999999998
0 0 0 0 0.0001259658892547998 1 1 0.9999999999999999 0.9999999999999998 1 0.9999999999999998 0.9999999999999999 0.9999999999999998 0.9999999999999999 1 0.0006421201466289809 0 0 0 0 0 0 0 0 0 1 1 0.9999999999999999 1 1 0.9999999999999999
0 0 0 0 6.056291089218871e-05 0.9998193602888251 1 0.9999999999999999 1 0.9999999999999998 1 1 1 1 1 -0.002281318851497735 0 0 0 0 0 0 0 0 0.0001079717618470836 1.000012960705962 1 1 0.9999999999999999 0.9999999999999999 1
0 0 0 0 0 1 0.9999999999999999 1 1 0.9999999999999998 1 1 1 0.9999999999999999 0.9997977494995722 -0.0004185335130897925 0 0 0 0 0 0 0 0 0 1 1 1 1 0.9999999999999998 0.9999999999999999
0 0 0 0 0.0004101699178898156 1 0.9999999999999999 0.9999999999999999 0.9999999999999999 0.9999999999999999 1 1 1 0.9999999999999999 0.9997640223480833 0.0005417571071683864 0 0 0 0 0 0 0 0 0.0002188765422476572 0.9998452239213685 1 1 1 1 0.9999999999999999
0 0 0 0 0 0.9997607388088733 0.9999999999999999 1 1 0.9999999999999999 0.9999999999999999 1 1 0.9999999999999999 1 -0.001112996714040684 0 0 0 0 0 0 0 0 7.808387217783637e-07 1 0.9999999999999998 1 0.9999999999999999 1 1
0 0 0 0 3.062666384566511e-05 0.9997333984818668 0.9999999999999999 1 1 1 1 1 1 1 0.9999496156757577 -0.0005878134541025845 0 0 0 0 0 0 0 0 0.0005102155768074617 0.9999476468402571 0.9999999999999999 1 0.9999999999999999 0.9999999999999997 1
0 0 0 0 7.402455836019904e-05 0.9997075177292812 1 1 1 0.9999999999999999 1 0.9999999999999999 1 1 0.9999941600735757 0.0004270786535901974 0 0 0 0 0 0 0 0 0.0002976095249433632 0.9998790774852792 0.9999999999999998 1 0.9999999999999999 1 1
0 0 0 0 0.000245312853575408 1 1 1 1 1 1 1 0.9999999999999999 1 0.9999760426808916 0.0001572652832173905 0 0 0 0 0 0 0 0 0 1 1 0.9999999999999997 0.9999999999999999 0.9999999999999999 1
0 0 0 0 0.0004508809064021942 0.9999521209109016 0.9999999999999999 1 0.9999999999999998 0.9999999999999998 0.9999999999999999 0.9999999999999998 1 1 0.9999944766303255 -0.0006221623403120994 0 0 0 0 0 0 0 0 0 0.9999263034849786 0.9999999999999998 1 1 1 1
0 0 0 0 -5.002267924399528e-06 0.9999999999999999 0.9999999999999998 0.9999999999999999 0.9999999999999999 0.9999999999999999 0.9999999999999999 1 0.9999999999999998 1 1 -0.001484545344380324 0 0 0 0 0 0 0 0 0.0005084439273620104 0.9999396261503785 0.9999999999999998 0.9999999999999998 1 0.9999999999999998 1
0 0 0 0 0 0.9999963355163343 0.9999999999999999 0.9999999999999999 1 1 0.9999999999999999 1 1 1 0.9999315577294798 -0.0003050635038695158 0 0 0 0 0 0 0 0 4.029954366840417e-05 0.9996319114581825 1 1 1 0.9999999999999998 0.9999999999999999
0 0 0 0 7.725601441757759e-05 0.9996742876759731 0.9999999999999999 1 1 1 1 1 1 1 0.9999950055258651 -0.003402833509015643 0 0 0 0 0 0 0 0 2.592397514094395e-05 0.9998920000380361 0.9999999999999998 1 0.9999999999999998 1 1
0 0 0 0 0.0001093500087482663 1 1 1 0.9999999999999999 0.9999999999999999 1 0.9999999999999999 1 0.9999999999999999 1 -0.001682905591344009 0 0 0 0 0 0 0 0 0.0001792375142541325 0.9999480950717977 1 1 1 0.9999999999999999 0.9999999999999999
0 0 0 0 0 1 0.9999999999999999 1 1 1 1 1 1 0.9999999999999999 0.9999934595489023 -0.0002057836982062624 0 0 0 0 0 0 0 0 0 0.9999999999999999 1 1 1 0.9999999999999998 0.9999999999999998
0 0 0 0 0 1 1 1 1 1 0.9999999999999998 1 0.9999999999999999 0.9999999999999997 0.9999999999999998 0 0 0 0 0 0 0 0 0 0 0.9999518814304773 0.9999999999999997 1 1 1 1
0 0 0 0 0 1 1 1 0.9999999999999999 1 1 1 0.9999999999999998 1 1 -0.001279766316116432 0 0 0 0 0 0 0 0 0 1 1 1 1 0.9999999999999999 0.9999999999999999
0 0 0 0 4.520862377992105e-05 1 1 1 0.9999999999999998 0.9999999999999998 1 1 1 1 0.9999999999999998 0 0 0 0 0 0 0 0 0 0 1 1 1 1 1 0.9999999999999998
0 0 0 0 0 0.9999999999999999 1 1 0.9999999999999999 1 1 1 0.9999999999999998 1 1 0 0 0 0 0 0 0 0 0 0 0.9999999999999997 0.9999999999999997 0.9999999999999998 0.9999999999999998 1 1
0 0 0 0 0 0.9999999999999999 0.9999999999999998 1 1 0.9999999999999999 1 1 0.9999999999999999 1 1 0 0 0 0 0 0 0 0 0 0 1 1 1 0.9999999999999999 1 0.9999999999999997

% Marker 3
polar_patches = 
0 0 0 0 0 1 1 1 1 1 1 1 1 1 1 0 0 0 0 0 0 0 0 0 0 1 1 1 1 1 1
0 0 0 0 0 0.9999999999999999 0.9999999999999999 0.9999999999999999 1 0.9999999999999998 1 1 0.9999999999999998 1 1 0 0 0 0 0 0 0 0 0 0 1 0.9999999999999999 1 0.9999999999999999 1 0.9999999999999998
0 0 0 0 0 0.9999999999999997 1 1 0.9999999999999999 1 1 1 0.9999999999999999 1 1 0 0 0 0 0 0 0 0 0 0 0.9999999999999998 0.9999999999999998 0.9999999999999996 0.9999999999999999 0.9999999999999999 1
0 0 0 0 4.520862377991472e-05 1 1 1 1 0.9999999999999999 1 1 1 1 1 -0.001666184420509891 -0.01223871233118396 8.376671312087931e-05 -0.003905976155928711 -0.001517459139722159 -0.0004620649624588026 -0.0003154740039598848 -1.950663462580682e-06 0 0 1 1 0.9999999999999998 1 1 0.9999999999999999
0 0 0 0 0 1 1 1 0.9999999999999999 1 1 1 0.9999999999999998 0.9999999999999998 1 0.9999999999999997 1 1 0.9999999999999999 0.9999999999999999 1 0.9999999999999997 1 1 1 0.9999999999999998 1 1 1 0.9999999999999999 1
0 0 0 0 0 1 0.9999999999999997 1 0.9999999999999999 1 0.9999999999999998 1 1 0.9999999999999998 0.9999999999999998 0.9999999999999998 1 1 1 0.9999999999999998 1 1 1 0.9999999999999999 1 0.9999999999999999 0.9999999999999999 1 0.9999999999999998 1 1
0 0 0 0 0 1 0.9999999999999998 1 1 1 1 1 1 0.9999999999999998 0.9999999999999999 0.9999999999999999 1 1 1 0.9999999999999998 0.9999999999999999 0.9999999999999999 0.9999999999999999 0.9999999999999999 0.9999999999999999 0.9999999999999999 1 1 1 1 1
0 0 0 0 0.0001093500087482663 0.9999999999999998 1 0.9999999999999999 1 1 1 1 0.9999999999999999 0.9999999999999999 1 0.9999999999999999 1 0.9999999999999999 0.9999999999999999 0.9999999999999999 1 0.9999999999999999 0.9999999999999998 1 1 1 1 1 1 1 0.9999999999999998
0 0 0 0 7.725601441752777e-05 0.9996471449823044 1 1 1 0.9999999999999999 1 0.9999999999999998 1 0.9999999999999999 0.9999999999999999 0.9999999999999999 1 1 0.9999999999999999 1 1 0.9999999999999998 1 0.9999999999999999 1 1 1 1 1 1 1
0 0 0 0 0 0.9999963355163343 1 1 1 0.9999999999999999 1 1 0.9999999999999999 1 0.9999999999999999 0.9999999999999999 0.9999999999999998 1 0.9999999999999999 0.9999999999999999 1 1 1 0.9999999999999999 1 0.9999999999999999 0.9999999999999998 0.9999999999999999 0.9999999999999999 1 0.9999999999999998
0 0 0 0 2.20374199096357e-06 0.9999999999999999 0.9999999999999999 1 1 1 1 0.9999999999999997 1 1 1 0.9999999999999999 1 0.9999999999999999 1 0.9999999999999999 0.9999999999999999 1 1 0.9999999999999998 0.9999999999999999 1 0.9999999999999999 0.9999999999999998 0.9999999999999999 1 1
0 0 0 0 0.0004007830279131778 0.9999521209109012 1 1 0.9999999999999999 0.9999999999999998 0.9999999999999998 0.9999999999999998 1 1 0.9999999999999999 0.9999999999999999 0.9999999999999999 0.9999999999999999 1 0.9999999999999999 1 0.9999999999999999 0.9999999999999999 1 1 0.9999999999999998 0.9999999999999997 0.9999999999999998 0.9999999999999999 1 1
0 0 0 0 0.000245312853575408 1 0.9999999999999997 0.9999999999999999 1 1 1 1 0.9999999999999999 1 1 0.9999999999999998 0.9999999999999998 0.9999999999999999 0.9999999999999997 1 1 0.9999999999999996 1 0.9999999999999999 1 0.9999999999999999 0.9999999999999999 1 1 0.9999999999999999 0.9999999999999999
0 0 0 0 7.402455836020939e-05 0.9996892375873616 0.9999999999999999 1 1 1 1 0.9999999999999999 1 1 1 0.9999999999999999 0.999997120618491 0.9999999999999997 1 1 1 0.9999999999999997 0.9999999999999999 1 0.9999999999999999 1 0.9999999999999999 1 1 1 0.9999999999999998
0 0 0 0 3.062666384566511e-05 0.9997333984818665 0.9999999999999998 0.9999999999999999 1 1 1 1 1 0.9999999999999999 0.9999503621101906 -0.0005859226643362277 0 0 0 0 0 0 0 0 0.0004833621253964157 0.9999476468402571 0.9999999999999999 1 0.9999999999999998 1 1
0 0 0 0 0 0.9997055246878442 0.9999999999999999 0.9999999999999999 1 1 0.9999999999999997 1 1 0.9999999999999999 0.9999999999999998 -0.001052263256205012 0 0 0 0 0 0 0 0 7.333821587223547e-07 0.9999999999999999 1 0.9999999999999999 0.9999999999999999 1 1
0 0 0 0 0.0003728817435361961 1 1 1 1 1 0.9999999999999999 1 1 1 0.9997640223480831 0.0005417571071683864 0 0 0 0 0 0 0 0 0.0002006368303936665 0.9997936318951581 1 1 0.9999999999999999 0.9999999999999999 0.9999999999999999
0 0 0 0 0 0.9999999999999999 0.9999999999999999 1 1 0.9999999999999998 1 1 0.9999999999999999 0.9999999999999999 0.9998345223178319 -0.0004351960920602524 0 0 0 0 0 0 0 0 0 1 0.9999999999999999 1 1 0.9999999999999998 0.9999999999999998
0 0 0 0 9.914376831624364e-05 0.9998193602888248 1 0.9999999999999999 1 0.9999999999999999 1 1 1 1 0.9999999999999999 -0.002281318851497303 0 0 0 0 0 0 0 0 0.0001079717618471181 1.000017068211962 1 1 1 1 1
0 0 0 0 0.0001259658892547906 1 1 0.9999999999999999 1 1 0.9999999999999998 0.9999999999999999 1 1 1 0.0006421201466289665 0 0 0 0 0 0 0 0 0 0.9998822976458234 1 1 1 1 1
0 0 0 0 0 0.9999999999999999 0.9999999999999998 1 1 1 1 0.9999999999999998 1 0.9999999999999999 0.9999999999999996 -0.003848142230808535 0 0 0 0 0 0 0 0 6.968607538668711e-05 0.9999772512151736 0.9999999999999999 0.9999999999999999 1 1 1
0 0 0 0 0 0.9999999999999999 1 0.9999999999999999 0.9999999999999998 0.9999999999999999 0.9999999999999999 0.9999999999999999 1 1 0.9999999999999998 0.000592804212357099 0 0 0 0 0 0 0 0 0 0.9999454731937651 0.9999999999999999 0.9999999999999997 0.9999999999999998 0.9999999999999998 0.9999999999999998
0 0 0 0 -1.070152616403041e-06 0.9999969280730185 0.9999999999999998 0.9999999999999997 1 1 1 1 1 1 0.9999999372761352 -0.0004057194013418478 0 0 0 0 0 0 0 0 0 0.9999803213503066 1 0.9999999999999998 1 0.9999999999999999 1
0 0 0 0 0 1 0.9999999999999999 1 1 0.9999999999999997 0.9999999999999999 0.9999999999999997 1 0.9999999999999999 0.9999995798358595 -3.732026330179321e-07 0 0 0 0 0 0 0 0 0 1 0.9999999999999996 1 1 1 1
0 0 0 0 0 1 0.9999999999999997 1 1 1 1 1 1 1 0.9999999999999999 0 0 0 0 0 0 0 0 0 0 1 1 1 1 1 1
0 0 0 0 0 0.9999999999999999 0.9999999999999998 1 0.9999999999999998 1 1 0.9999999999999997 0.9999999999999999 1 1 0 0 0 0 0 0 0 0 0 0 1 0.9999999999999999 1 1 0.9999999999999999 1
0 0 0 0 0 0.9999999999999999 0.9999999999999998 1 0.9999999999999998 0.9999999999999999 1 1 0.9999999999999999 1 1 0 0 0 0 0 0 0 0 0 0 1 0.9999999999999997 1 0.9999999999999999 0.9999999999999997 1
0 0 0 0 0 0.9999999999999999 1 0.9999999999999999 1 0.9999999999999998 1 1 0.9999999999999998 1 1 0 0 0 0 0 0 0 0 0 5.41509224294615e-06 0.9999999999999998 1 0.9999999999999999 1 1 0.9999999999999996
0 0 0 0 0 0.9999999999999997 1 1 0.9999999999999999 0.9999999999999999 1 1 1 0.9999999999999998 1 8.678412061429959e-06 0 0 0 0 0 0 0 0 0 1 0.9999999999999999 1 0.9999999999999996 1 0.9999999999999999
0 0 0 0 0 1 0.9999999999999998 0.9999999999999998 1 0.9999999999999999 1 1 0.9999999999999998 0.9999999999999998 1 0 0 0 0 0 0 0 0 0 -5.081457174244827e-08 0.9999660958119401 1 0.9999999999999998 1 1 1
0 0 0 0 0 0.9999374004536231 1 1 1 1 0.9999999999999997 0.9999999999999996 1 1 1 0.0004749334246434994 0 0 0 0 0 0 0 0 0 1 1 1 1 1 0.9999999999999997
0 0 0 0 0 0.9999666252437487 1 0.9999999999999998 1 0.9999999999999999 0.9999999999999999 0.9999999999999999 0.9999999999999998 0.9999999999999999 1 -0.004580552241522899 0 0 0 0 0 0 0 0 0 1 1 1 0.9999999999999997 0.9999999999999999 1
0 0 0 0 0 0.9999760145950498 1 1 0.9999999999999999 1 1 1 0.9999999999999999 1 1 0 0 0 0 0 0 0 0 0 0.0001943122004889703 0.9997823613817023 0.9999999999999999 1 1 1 0.9999999999999999
0 0 0 0 5.462600312990552e-05 1 0.9999999999999997 1 1 1 1 1 0.9999999999999999 1 0.9999999999999998 0.0001053502118928208 0 0 0 0 0 0 0 0 6.520332515052699e-05 0.9998955431221073 1 1 0.9999999999999999 1 1
0 0 0 0 -1.087272897017329e-05 0.9998309431589003 1 1 1 1 1 0.9999999999999999 1 0.9999999999999999 1 0.0003711574802723241 0 0 0 0 0 0 0 0 0 0.9999823571618048 1 0.9999999999999998 0.9999999999999998 0.9999999999999999 1
0 0 0 0 0.0002175578143930029 0.9996164056821039 0.9999999999999999 1 1 0.9999999999999999 0.9999999999999999 1 0.9999999999999999 0.9999999999999998 0.9999776038090623 -0.0001984505349043242 0 0 0 0 0 0 0 0 6.133002079591874e-05 0.9997175477362895 1 1 0.9999999999999998 1 1
0 0 0 0 0 0.999973521470876 0.9999999999999999 0.9999999999999997 1 1 1 1 0.9999999999999999 1 0.9999999999999998 -0.0003211439383681464 0 0 0 0 0 0 0 0 3.106930735120411e-05 0.9999999999999999 1 0.9999999999999997 0.9999999999999999 1 1
0 0 0 0 8.301136434391772e-05 0.9996058251532827 1 1 0.9999999999999997 0.9999999999999998 1 0.9999999999999999 0.9999999999999999 1 0.999933681077373 0.544469201248772 0.5980229275947873 0.5912706601263396 0.715897991262967 0.4542893997439576 0.5998263027052319 0.5912751508716182 0.5749706268482762 0.5919263576763739 0.6104592141798949 1 0.9999999999999999 0.9999999999999999 0.9999999999999999 1 1
0 0 0 0 0.0001379835128783067 0.9999334876699317 0.9999999999999999 1 1 1 0.9999999999999999 1 1 1 0.9999999999999999 0.9999999999999999 1 1 0.9999999999999999 0.9999999999999999 1 0.9999999999999999 0.9999999999999998 1 1 1 1 1 1 1 1
0 0 0 0 0.0004231589323744799 0.9999901864320235 1 1 0.9999999999999999 1 1 0.9999999999999998 1 1 1 1 0.9999999999999999 1 1 1 1 0.9999999999999998 1 1 1 1 0.9999999999999999 1 1 1 1
0 0 0 0 0.0003458142259091068 0.9999999999999999 1 1 1 1 0.9999999999999998 0.9999999999999999 1 0.9999999999999998 1 0.9999999999999999 1 0.9999999999999997 1 1 1 1 1 0.9999999999999999 0.9999999999999999 0.9999999999999999 1 1 1 0.9999999999999999 0.9999999999999999
0 0 0 0 0 0.9999999999999997 0.9999999999999999 0.9999999999999997 1 1 0.9999999999999999 1 0.9999999999999999 1 0.9999999999999998 1 1 1 1 1 1 0.9999999999999997 0.9999999999999999 1 1 0.9999999999999998 0.9999999999999999 1 0.9999999999999999 0.9999999999999998 1
0 0 0 0 0.0002600923419453437 1.000005836788898 0.9999999999999999 1 0.9999999999999998 0.9999999999999998 0.9999999999999998 0.9999999999999997 1 1 0.9999999999999999 0.9999999999999999 1 1 1 1 0.9999999999999998 1 1 0.9999999999999999 1 0.9999999999999998 1 1 1 1 1
0 0 0 0 0 1 1 0.9999999999999999 1 0.9999999999999998 0.9999999999999999 0.9999999999999998 0.9999999999999998 0.9999999999999998 1 1 0.9999999999999999 0.9999999999999999 1 0.9999999999999999 1 1 1 1 1 1 1 1 0.9999999999999999 1 1
0 0 0 0 7.361309813220461e-06 0.99990435048008 1 1 1 1 1 1 0.9999999999999998 1 0.9999999999999999 1 1 1 1 0.9999999999999997 1 0.9999999999999997 1 0.9999999999999998 1 0.9999999999999998 1 1 1 1 0.9999999999999999
0 0 0 0 0.0001883997352295046 0.9999919773417383 0.9999999999999998 0.9999999999999998 0.9999999999999999 1 1 0.9999999999999999 0.9999999999999998 1 1 1 1 1 0.9999999999999999 1 1 0.9999999999999999 1 1 1 1 1 0.9999999999999998 1 1 1
0 0 0 0 8.324051851898801e-05 0.9999996577566455 1 1 1 0.9999999999999997 1 1 1 1 1 0.9999999999999999 1 1 1 1 1 0.9999999999999999 1 1 1 1 1 1 0.9999999999999998 0.9999999999999998 0.9999999999999998
0 0 0 0 0 0.9999808835541318 0.9999999999999998 1 0.9999999999999998 0.9999999999999999 1 0.9999999999999998 1 1 1 1.022830411691895 0.9883603242457309 0.9994423695342112 0.9909120078662085 0.9979093140465666 1.001588979963899 1.013521611566002 1.003226812177633 1.019611311363857 1.009600214254472 1 1 1 1 1 1
0 0 0 0 0 1 0.9999999999999997 1 0.9999999999999999 1 1 0.9999999999999998 1 0.9999999999999999 1 -0.001644739756397705 0 0 0 0 0 0 0 0 2.619122466662583e-05 0.9999999999999998 1 0.9999999999999997 1 1 1
0 0 0 0 0 1 0.9999999999999998 1 0.9999999999999998 1 1 1 0.9999999999999998 1 0.9999999999999999 0 0 0 0 0 0 0 0 0 0 0.9999999999999999 0.9999999999999999 1 0.9999999999999999 0.9999999999999997 0.9999999999999999
0 0 0 0 0 1 1 1 1 1 0.9999999999999999 1 0.9999999999999998 1 1 0 0 0 0 0 0 0 0 0 0 1 0.9999999999999999 0.9999999999999999 1 0.9999999999999999 0.9999999999999999
0 0 0 0 0 1 1 1 0.9999999999999998 1 0.9999999999999998 1 1 1 1 0 0 0 0 0 0 0 0 0 0 0.9999999999999999 0.9999999999999999 1 0.9999999999999999 1 1
0 0 0 0 0 0.9999999999999998 0.9999999999999999 0.9999999999999998 0.9999999999999999 1 1 1 0.9999999999999998 1 0.9999999999999999 0 0 0 0 0 0 0 0 0 0 1 0.9999999999999999 1 1 0.9999999999999998 1
0 0 0 0 0 1 0.9999999999999998 1 0.9999999999999998 1 0.9999999999999996 0.9999999999999996 1 1 0.9999999999999999 -0.001644739756397877 0 0 0 0 0 0 0 0 2.619122466662854e-05 1 1 1 0.9999999999999999 1 1
0 0 0 0 0 0.9999808835541321 0.9999999999999999 1 1 1 0.9999999999999998 0.9999999999999997 1 1 1 -0.001959893717240807 0 0 0 0 0 0 0 0 0 1 1 0.9999999999999999 1 0.9999999999999999 1
0 0 0 0 9.156457037088683e-05 0.9999996888696774 1 1 1 0.9999999999999997 0.9999999999999999 0.9999999999999999 1 1 0.9999647211711182 0 0 0 0 0 0 0 0 0 8.415573475558753e-05 1 1 1 0.9999999999999999 0.9999999999999999 0.9999999999999998
0 0 0 0 0.0001883997352295261 0.9999919773417382 0.9999999999999999 0.9999999999999999 0.9999999999999999 1 0.9999999999999997 1 1 0.9999999999999999 0.9999889391514429 1.629871402383949e-05 0 0 0 0 0 0 0 0 0 0.9999999999999998 1 0.9999999999999999 1 0.9999999999999996 0.9999999999999999
0 0 0 0 9.372253148240899e-06 0.9999043504800801 1 1 0.9999999999999999 1 1 1 1 1 0.9999901340584416 -0.0003162408189447511 0 0 0 0 0 0 0 0 9.528319887206296e-05 0.9997001857267139 1 0.9999999999999998 0.9999999999999998 0.9999999999999999 0.9999999999999997
0 0 0 0 0 0.9999999999999998 1 1 0.9999999999999999 1 1 1 1 0.9999999999999999 1 0.0001113869036713468 0 0 0 0 0 0 0 0 0.000120893151291589 0.9999553948421489 0.9999999999999998 1 1 1 1
0 0 0 0 0.0002600923419453392 1.000005836788898 0.9999999999999999 1 0.9999999999999998 0.9999999999999998 0.9999999999999997 0.9999999999999997 1 0.9999999999999999 1 0 0 0 0 0 0 0 0 0 0 0.9999999999999999 1 1 0.9999999999999998 1 0.9999999999999998
0 0 0 0 0 1 1 0.9999999999999999 1 0.9999999999999999 0.9999999999999999 0.9999999999999999 1 0.9999999999999997 1 -0.001546421998444483 0 0 0 0 0 0 0 0 0 0.9999999999999998 1 1 1 1 0.9999999999999998
0 0 0 0 0.0003554201766288828 0.9999999999999999 0.9999999999999998 1 0.9999999999999998 1 1 1 1 0.9999999999999999 0.9999999999999999 -0.0001922446212859226 0 0 0 0 0 0 0 0 0.0001250213039298002 0.9999333219200082 0.9999999999999999 1 0.9999999999999998 0.9999999999999998 1
0 0 0 0 0.0004231589323745275 0.9999923672249073 1 1 1 1 0.9999999999999999 0.9999999999999999 1 0.9999999999999999 0.9999187147004214 -0.0003867535307837227 0 0 0 0 0 0 0 0 0.0001100672656283444 0.9996164793726443 0.9999999999999999 1 1 1 0.9999999999999999
0 0 0 0 0.0001379835128783067 0.9999366549237444 0.9999999999999999 1 1 0.9999999999999999 1 1 1 1 0.9999999999999998 0.0007976461386073186 0 0 0 0 0 0 0 0 0 1 1 1 1 1 0.9999999999999998
0 0 0 0 8.30113643439177e-05 0.9996386730571759 1 0.9999999999999998 1 0.9999999999999997 1 0.9999999999999999 0.9999999999999999 1 0.9999058699162714 -9.693023239325919e-05 0 0 0 0 0 0 0 0 1.173553893230375e-05 1 1 0.9999999999999999 0.9999999999999998 0.9999999999999998 1
0 0 0 0 0 0.9999823476472506 0.9999999999999997 0.9999999999999999 1 1 1 1 1 1 1 -0.0003237367872216815 0 0 0 0 0 0 0 0 3.624752524305241e-05 1 0.9999999999999998 1 1 0.9999999999999998 1
0 0 0 0 0.0002719472679912536 0.9996512778928217 0.9999999999999999 1 1 1 0.9999999999999999 1 1 0.9999999999999998 0.9999680054415175 -0.0001897644143765403 0 0 0 0 0 0 0 0 0 0.9997175477362895 1 1 1 0.9999999999999997 0.9999999999999999
0 0 0 0 -3.317202962991411e-05 0.9998872954392668 0.9999999999999999 1 1 0.9999999999999996 1 0.9999999999999999 1 1 0.9999999999999999 0.0003711574802722921 0 0 0 0 0 0 0 0 0 0.9999823571618046 0.9999999999999998 0.9999999999999998 0.9999999999999999 0.9999999999999999 1
0 0 0 0 5.462600312990707e-05 1 0.9999999999999998 1 1 1 0.9999999999999998 1 1 1 0.9999999999999998 0.0001053502118928208 0 0 0 0 0 0 0 0 6.520332515052691e-05 0.9999303620814047 0.9999999999999998 1 1 0.9999999999999999 0.9999999999999999
0 0 0 0 0 0.9999794410814712 1 1 0.9999999999999999 0.9999999999999999 0.9999999999999999 1 1 1 1 0 0 0 0 0 0 0 0 0 0.0002064567130194803 0.9997922540461709 0.9999999999999999 0.9999999999999999 0.9999999999999998 1 1
0 0 0 0 0 0.9999691925326913 1 1 0.9999999999999998 0.9999999999999999 0.9999999999999999 0.9999999999999999 0.9999999999999999 0.9999999999999998 1 0.0005211664064652349 0 0 0 0 0 0 0 0 3.079778789260723e-05 1 1 1 1 1 0.9999999999999998
0 0 0 0 0 0.9999374004536231 1 0.9999999999999998 1 1 0.9999999999999998 0.9999999999999998 1 1 1 0.9999752019968985 1 0.9999481291250438 1 0.9999692617249583 0.9999999999999999 0.9999999999999999 1 0.9999999999999999 0.9999999999999999 1 0.9999999999999998 1 1 1 1
0 0 0 0 0 0.9999999999999999 0.9999999999999998 0.9999999999999999 1 1 1 0.9999999999999997 0.9999999999999999 0.9999999999999997 1 1 0.9999999999999997 1 1 0.9999999999999997 1 0.9999999999999999 0.9999999999999999 1 1 0.9999999999999998 0.9999999999999998 1 1 0.9999999999999999 1
0 0 0 0 0 1 1 0.9999999999999999 1 1 1 0.9999999999999998 0.9999999999999998 0.9999999999999998 0.9999999999999999 1 0.9999999999999999 1 0.9999999999999998 1 0.9999999999999999 1 0.9999999999999999 0.9999999999999999 0.9999999999999998 1 1 1 0.9999999999999998 0.9999999999999998 0.9999999999999998
0 0 0 0 0 1 1 1 1 0.9999999999999996 1 1 0.9999999999999999 1 0.9999999999999999 0.9999999999999998 1 1 0.9999999999999999 0.9999999999999998 1 1 0.9999999999999999 1 1 0.9999999999999999 1 1 1 1 0.9999999999999998
0 0 0 0 0 1 0.9999999999999999 1 0.9999999999999999 1 1 1 1 0.9999999999999999 1 1 1 0.9999999999999999 1 1 1 1 0.9999999999999999 0.9999999999999997 0.9999999999999999 0.9999999999999999 1 0.9999999999999998 1 1 1
0 0 0 0 0 0.9999999999999999 0.9999999999999998 1 1 1 1 0.9999999999999998 1 1 0.9999999999999999 1 0.9999999999999999 1 1 0.9999999999999999 0.9999999999999999 1 1 1 1 1 0.9999999999999999 1 1 1 0.9999999999999999
0 0 0 0 0 1 0.9999999999999998 0.9999999999999999 1 1 0.9999999999999999 0.9999999999999999 1 0.9999999999999999 0.9999999999999999 0.9999999999999999 1 1 0.9999999999999998 1 1 1 0.9999999999999999 1 0.9999999999999999 0.9999999999999997 1 0.9999999999999999 0.9999999999999998 1 0.9999999999999999
0 0 0 0 0 0.9999999999999999 0.9999999999999999 1 0.9999999999999998 1 1 0.9999999999999998 0.9999999999999998 1 1 1 1 0.9999999999999999 0.9999999999999999 1 0.9999999999999997 1 1 1 0.9999999999999998 0.9999999999999998 1 1 1 0.9999999999999999 0.9999999999999998
0 0 0 0 -1.198006397670061e-06 0.9999974400608489 1 0.9999999999999999 1 1 1 1 1 1 0.9999999999999999 1 1 0.9999999999999998 0.9999999999999998 1 1 1 1 1 1 0.9999999999999999 1 1 1 1 1
0 0 0 0 0 1 0.9999999999999999 1 1 0.9999999999999999 1 0.9999999999999998 0.9999999999999998 1 0.9999999999999999 1 0.9999999999999996 0.9999999999999999 1 1 1 1 1 1 1 0.9999999999999999 0.9999999999999999 0.9999999999999998 1 1 0.9999999999999999
0 0 0 0 0 0.9999999999999999 0.9999999999999999 1 1 1 0.9999999999999999 1 0.9999999999999999 0.9999999999999998 1 -0.08305426732300267 0.002473283403974146 -0.04471068971279139 -0.03612164937570854 -0.008743552964035948 -0.05037188860041181 -0.0003207736127334696 -0.03775105721367893 -0.01380840742482526 -0.01174263668994273 0.9999751498324873 0.9999999999999997 1 1 1 0.9999999999999998
0 0 0 0 0.0001259658892547998 1 1 0.9999999999999999 0.9999999999999998 1 0.9999999999999998 0.9999999999999999 0.9999999999999998 0.9999999999999999 1 0.0006421201466289809 0 0 0 0 0 0 0 0 0 1 1 0.9999999999999999 1 1 0.9999999999999999
0 0 0 0 6.056291089218871e-05 0.9998193602888251 1 0.9999999999999999 1 0.9999999999999998 1 1 1 1 1 -0.002281318851497735 0 0 0 0 0 0 0 0 0.0001079717618470836 1.000012960705962 1 1 0.9999999999999999 0.9999999999999999 1
0 0 0 0 0 1 0.9999999999999999 1 1 0.9999999999999998 1 1 1 0.9999999999999999 0.9997977494995722 -0.0004185335130897925 0 0 0 0 0 0 0 0 0 1 1 1 1 0.9999999999999998 0.9999999999999999
0 0 0 0 0.0004101699178898156 1 0.9999999999999999 0.9999999999999999 0.9999999999999999 0.9999999999999999 1 1 1 0.9999999999999999 0.9997640223480833 0.0005417571071683864 0 0 0 0 0 0 0 0 0.0002188765422476572 0.9998452239213685 1 1 1 1 0.9999999999999999
0 0 0 0 0 0.9997607388088733 0.9999999999999999 1 1 0.9999999999999999 0.9999999999999999 1 1 0.9999999999999999 1 -0.001112996714040684 0 0 0 0 0 0 0 0 7.808387217783637e-07 1 0.9999999999999998 1 0.9999999999999999 1 1
0 0 0 0 3.062666384566511e-05 0.9997333984818668 0.9999999999999999 1 1 1 1 1 1 1 0.9999496156757577 -0.0005878134541025845 0 0 0 0 0 0 0 0 0.0005102155768074617 0.9999476468402571 0.9999999999999999 1 0.9999999999999999 0.9999999999999997 1
0 0 0 0 7.402455836019904e-05 0.9997075177292812 1 1 1 0.9999999999999999 1 0.9999999999999999 1 1 0.9999941600735757 0.0004270786535901974 0 0 0 0 0 0 0 0 0.0002976095249433632 0.9998790774852792 0.9999999999999998 1 0.9999999999999999 1 1
0 0 0 0 0.000245312853575408 1 1 1 1 1 1 1 0.9999999999999999 1 0.9999760426808916 0.0001572652832173905 0 0 0 0 0 0 0 0 0 1 1 0.9999999999999997 0.9999999999999999 0.9999999999999999 1
0 0 0 0 0.0004508809064021942 0.9999521209109016 0.9999999999999999 1 0.9999999999999998 0.9999999999999998 0.9999999999999999 0.9999999999999998 1 1 0.9999944766303255 -0.0006221623403120994 0 0 0 0 0 0 0 0 0 0.9999263034849786 0.9999999999999998 1 1 1 1
0 0 0 0 -5.002267924399528e-06 0.9999999999999999 0.9999999999999998 0.9999999999999999 0.9999999999999999 0.9999999999999999 0.9999999999999999 1 0.9999999999999998 1 1 -0.001484545344380324 0 0 0 0 0 0 0 0 0.0005084439273620104 0.9999396261503785 0.9999999999999998 0.9999999999999998 1 0.9999999999999998 1
0 0 0 0 0 0.9999963355163343 0.9999999999999999 0.9999999999999999 1 1 0.9999999999999999 1 1 1 0.9999315577294798 -0.0003050635038695158 0 0 0 0 0 0 0 0 4.029954366840417e-05 0.9996319114581825 1 1 1 0.9999999999999998 0.9999999999999999
0 0 0 0 7.725601441757759e-05 0.9996742876759731 0.9999999999999999 1 1 1 1 1 1 1 0.9999950055258651 -0.003402833509015643 0 0 0 0 0 0 0 0 2.592397514094395e-05 0.9998920000380361 0.9999999999999998 1 0.9999999999999998 1 1
0 0 0 0 0.0001093500087482663 1 1 1 0.9999999999999999 0.9999999999999999 1 0.9999999999999999 1 0.9999999999999999 1 -0.001682905591344009 0 0 0 0 0 0 0 0 0.0001792375142541325 0.9999480950717977 1 1 1 0.9999999999999999 0.9999999999999999
0 0 0 0 0 1 0.9999999999999999 1 1 1 1 1 1 0.9999999999999999 0.9999934595489023 -0.0002057836982062624 0 0 0 0 0 0 0 0 0 0.9999999999999999 1 1 1 0.9999999999999998 0.9999999999999998
0 0 0 0 0 1 1 1 1 1 0.9999999999999998 1 0.9999999999999999 0.9999999999999997 0.9999999999999998 0 0 0 0 0 0 0 0 0 0 0.9999518814304773 0.9999999999999997 1 1 1 1
0 0 0 0 0 1 1 1 0.9999999999999999 1 1 1 0.9999999999999998 1 1 -0.001279766316116432 0 0 0 0 0 0 0 0 0 1 1 1 1 0.9999999999999999 0.9999999999999999
0 0 0 0 4.520862377992105e-05 1 1 1 0.9999999999999998 0.9999999999999998 1 1 1 1 0.9999999999999998 0 0 0 0 0 0 0 0 0 0 1 1 1 1 1 0.9999999999999998
0 0 0 0 0 0.9999999999999999 1 1 0.9999999999999999 1 1 1 0.9999999999999998 1 1 0 0 0 0 0 0 0 0 0 0 0.9999999999999997 0.9999999999999997 0.9999999999999998 0.9999999999999998 1 1
0 0 0 0 0 0.9999999999999999 0.9999999999999998 1 1 0.9999999999999999 1 1 0.9999999999999999 1 1 0 0 0 0 0 0 0 0 0 0 1 1 1 0.9999999999999999 1 0.9999999999999997

% Marker 4
polar_patches = 
0 0 0 0 0 1 1 1 1 1 1 1 1 1 1 1 1 1 1 1 1 1 1 1 1 1 1 1 1 1 1
0 0 0 0 0 0.9999999999999999 0.9999999999999999 0.9999999999999999 1 0.9999999999999998 1 1 0.9999999999999998 1 1 1 0.9999999999999999 1 0.9999999999999998 1 1 1 1 0.9999999999999999 1 1 0.9999999999999999 1 0.9999999999999999 1 0.9999999999999998
0 0 0 0 0 0.9999999999999997 1 1 0.9999999999999999 1 1 1 0.9999999999999999 1 1 1 1 1 1 1 0.9999999999999997 1 0.9999999999999997 0.9999999999999998 1 0.9999999999999998 0.9999999999999998 0.9999999999999996 0.9999999999999999 0.9999999999999999 1
0 0 0 0 4.520862377991472e-05 1 1 1 1 0.9999999999999999 1 1 1 1 1 0.9999999999999998 0.9999999999999999 0.9999999999999998 1 1 1 0.9999999999999998 1 1 1 1 1 0.9999999999999998 1 1 0.9999999999999999
0 0 0 0 0 1 1 1 0.9999999999999999 1 1 1 0.9999999999999998 0.9999999999999998 1 0.9999999999999997 1 1 0.9999999999999999 0.9999999999999999 1 0.9999999999999997 1 1 1 0.9999999999999998 1 1 1 0.9999999999999999 1
0 0 0 0 0 1 0.9999999999999997 1 0.9999999999999999 1 0.9999999999999998 1 1 0.9999999999999998 0.9999999999999998 1.036936538326708 0.9051876992068473 1.021822102109891 0.9458107544602434 1.006710884807987 0.9980149086834457 0.9859567363561277 1.035491514466012 0.9684802923033367 1.056362902317961 0.9999999999999999 0.9999999999999999 1 0.9999999999999998 1 1
0 0 0 0 0 1 0.9999999999999998 1 1 1 1 1 1 0.9999999999999998 0.9999937709989546 -0.0002333822387645206 0 0 0 0 0 0 0 0 0 0.9999999999999999 1 1 1 1 1
0 0 0 0 0.0001093500087482663 0.9999999999999998 1 0.9999999999999999 1 1 1 1 0.9999999999999999 0.9999999999999999 1 -0.001682905591343772 0 0 0 0 0 0 0 0 0.0001792375142541325 0.9999422344124149 1 1 1 1 0.9999999999999998
0 0 0 0 7.725601441752777e-05 0.9996471449823044 1 1 1 0.9999999999999999 1 0.9999999999999998 1 0.9999999999999999 0.9999950055258652 -0.003402833509015938 0 0 0 0 0 0 0 0 2.59239751409978e-05 0.999892000038036 1 1 1 1 1
0 0 0 0 0 0.9999963355163343 1 1 1 0.9999999999999999 1 1 0.9999999999999999 1 0.9999328251789332 -0.0003050635038698176 0 0 0 0 0 0 0 0 4.029954366841265e-05 0.9996319114581828 0.9999999999999998 0.9999999999999999 0.9999999999999999 1 0.9999999999999998
0 0 0 0 2.20374199096357e-06 0.9999999999999999 0.9999999999999999 1 1 1 1 0.9999999999999997 1 1 1 -0.001484545344380446 0 0 0 0 0 0 0 0 0.0005084439273619736 0.9998792523007567 0.9999999999999999 0.9999999999999998 0.9999999999999999 1 1
0 0 0 0 0.0004007830279131778 0.9999521209109012 1 1 0.9999999999999999 0.9999999999999998 0.9999999999999998 0.9999999999999998 1 1 0.9999946121731396 -0.0006190060421381813 0 0 0 0 0 0 0 0 0 0.9999224247210299 0.9999999999999997 0.9999999999999998 0.9999999999999999 1 1
0 0 0 0 0.000245312853575408 1 0.9999999999999997 0.9999999999999999 1 1 1 1 0.9999999999999999 1 0.9999760426808915 0.0001572652832174794 0 0 0 0 0 0 0 0 0 0.9999999999999999 0.9999999999999999 1 1 0.9999999999999999 0.9999999999999999
0 0 0 0 7.402455836020939e-05 0.9996892375873616 0.9999999999999999 1 1 1 1 0.9999999999999999 1 1 0.9999944034038435 0.0004270786535903228 0 0 0 0 0 0 0 0 0.0002976095249432927 0.999879077485279 0.9999999999999999 1 1 1 0.9999999999999998
0 0 0 0 3.062666384566511e-05 0.9997333984818665 0.9999999999999998 0.9999999999999999 1 1 1 1 1 0.9999999999999999 0.9999503621101906 -0.0005859226643362277 0 0 0 0 0 0 0 0 0.0004833621253964157 0.9999476468402571 0.9999999999999999 1 0.9999999999999998 1 1
0 0 0 0 0 0.9997055246878442 0.9999999999999999 0.9999999999999999 1 1 0.9999999999999997 1 1 0.9999999999999999 0.9999999999999998 -0.001052263256205012 0 0 0 0 0 0 0 0 7.333821587223547e-07 0.9999999999999999 1 0.9999999999999999 0.9999999999999999 1 1
0 0 0 0 0.0003728817435361961 1 1 1 1 1 0.9999999999999999 1 1 1 0.9997640223480831 0.0005417571071683864 0 0 0 0 0 0 0 0 0.0002006368303936665 0.9997936318951581 1 1 0.9999999999999999 0.9999999999999999 0.9999999999999999
0 0 0 0 0 0.9999999999999999 0.9999999999999999 1 1 0.9999999999999998 1 1 0.9999999999999999 0.9999999999999999 0.9998345223178319 -0.0004351960920602524 0 0 0 0 0 0 0 0 0 1 0.9999999999999999 1 1 0.9999999999999998 0.9999999999999998
0 0 0 0 9.914376831624364e-05 0.9998193602888248 1 0.9999999999999999 1 0.9999999999999999 1 1 1 1 0.9999999999999999 -0.002281318851497303 0 0 0 0 0 0 0 0 0.0001079717618471181 1.000017068211962 1 1 1 1 1
0 0 0 0 0.0001259658892547906 1 1 0.9999999999999999 1 1 0.9999999999999998 0.9999999999999999 1 1 1 0.0006421201466289665 0 0 0 0 0 0 0 0 0 0.9998822976458234 1 1 1 1 1
0 0 0 0 0 0.9999999999999999 0.9999999999999998 1 1 1 1 0.9999999999999998 1 0.9999999999999999 0.9999999999999996 -0.08720461087065809 0.002473283403961355 -0.04471068971278316 -0.03612164937571305 -0.008743552964030735 -0.05037188860040917 -0.0003207736127353518 -0.03775105721367173 -0.01380840742482498 -0.012416256824597 0.9999772512151736 0.9999999999999999 0.9999999999999999 1 1 1
0 0 0 0 0 0.9999999999999999 1 0.9999999999999999 0.9999999999999998 0.9999999999999999 0.9999999999999999 0.9999999999999999 1 1 0.9999999999999998 0.9999999999999999 0.9999999999999999 0.9999999999999999 0.9999999999999997 1 0.9999999999999998 0.9999999999999998 1 1 1 0.9999999999999998 0.9999999999999999 0.9999999999999997 0.9999999999999998 0.9999999999999998 0.9999999999999998
0 0 0 0 -1.070152616403041e-06 0.9999969280730185 0.9999999999999998 0.9999999999999997 1 1 1 1 1 1 0.9999999999999999 0.9999999999999999 1 0.9999999999999999 1 1 1 1 1 1 1 1 1 0.9999999999999998 1 0.9999999999999999 1
0 0 0 0 0 1 0.9999999999999999 1 1 0.9999999999999997 0.9999999999999999 0.9999999999999997 1 0.9999999999999999 1 1 1 1 1 0.9999999999999996 1 0.9999999999999998 0.9999999999999999 1 1 1 0.9999999999999996 1 1 1 1
0 0 0 0 0 1 0.9999999999999997 1 1 1 1 1 1 1 0.9999999999999999 1 0.9999999999999998 1 0.9999999999999999 1 1 1 0.9999999999999998 0.9999999999999999 0.9999999999999997 1 1 1 1 1 1
0 0 0 0 0 0.9999999999999999 0.9999999999999998 1 0.9999999999999998 1 1 0.9999999999999997 0.9999999999999999 1 1 1 0.9999999999999999 1 1 0.9999999999999996 1 1 1 1 1 1 0.9999999999999999 1 1 0.9999999999999999 1
0 0 0 0 0 0.9999999999999999 0.9999999999999998 1 0.9999999999999998 0.9999999999999999 1 1 0.9999999999999999 1 1 1 0.9999999999999998 1 1 1 0.9999999999999999 1 1 0.9999999999999998 1 1 0.9999999999999997 1 0.9999999999999999 0.9999999999999997 1
0 0 0 0 0 0.9999999999999999 1 0.9999999999999999 1 0.9999999999999998 1 1 0.9999999999999998 1 1 0.9999999999999999 1 1 1 1 1 1 0.9999999999999999 1 1 0.9999999999999998 1 0.9999999999999999 1 1 0.9999999999999996
0 0 0 0 0 0.9999999999999997 1 1 0.9999999999999999 0.9999999999999999 1 1 1 0.9999999999999998 1 1 1 1 1 0.9999999999999998 0.9999999999999999 0.9999999999999998 0.9999999999999999 1 1 1 0.9999999999999999 1 0.9999999999999996 1 0.9999999999999999
0 0 0 0 0 1 0.9999999999999998 0.9999999999999998 1 0.9999999999999999 1 1 0.9999999999999998 0.9999999999999998 1 0.9999999999999999 1 1 0.9999999999999999 1 1 0.9999999999999999 1 1 1 0.9999999999999998 1 0.9999999999999998 1 1 1
0 0 0 0 0 0.9999374004536231 1 1 1 1 0.9999999999999997 0.9999999999999996 1 1 1 0.9998999454320132 1 0.9999481291250437 1 0.9999692617249585 1 1 1 1 1 1 1 1 1 1 0.9999999999999997
0 0 0 0 0 0.9999666252437487 1 0.9999999999999998 1 0.9999999999999999 0.9999999999999999 0.9999999999999999 0.9999999999999998 0.9999999999999999 1 -0.004580552241522899 0 0 0 0 0 0 0 0 0 1 1 1 0.9999999999999997 0.9999999999999999 1
0 0 0 0 0 0.9999760145950498 1 1 0.9999999999999999 1 1 1 0.9999999999999999 1 1 0 0 0 0 0 0 0 0 0 0.0001943122004889703 0.9997823613817023 0.9999999999999999 1 1 1 0.9999999999999999
0 0 0 0 5.462600312990552e-05 1 0.9999999999999997 1 1 1 1 1 0.9999999999999999 1 0.9999999999999998 0.0001053502118928208 0 0 0 0 0 0 0 0 6.520332515052699e-05 0.9998955431221073 1 1 0.9999999999999999 1 1
0 0 0 0 -1.087272897017329e-05 0.9998309431589003 1 1 1 1 1 0.9999999999999999 1 0.9999999999999999 1 0.0003711574802723241 0 0 0 0 0 0 0 0 0 0.9999823571618048 1 0.9999999999999998 0.9999999999999998 0.9999999999999999 1
0 0 0 0 0.0002175578143930029 0.9996164056821039 0.9999999999999999 1 1 0.9999999999999999 0.9999999999999999 1 0.9999999999999999 0.9999999999999998 0.9999776038090623 -0.0001984505349043242 0 0 0 0 0 0 0 0 6.133002079591874e-05 0.9997175477362895 1 1 0.9999999999999998 1 1
0 0 0 0 0 0.999973521470876 0.9999999999999999 0.9999999999999997 1 1 1 1 0.9999999999999999 1 0.9999999999999998 -0.0003211439383681464 0 0 0 0 0 0 0 0 3.106930735120411e-05 0.9999999999999999 1 0.9999999999999997 0.9999999999999999 1 1
0 0 0 0 8.301136434391772e-05 0.9996058251532827 1 1 0.9999999999999997 0.9999999999999998 1 0.9999999999999999 0.9999999999999999 1 0.9999058699162715 -9.693023239331104e-05 0 0 0 0 0 0 0 0 1.17355389323139e-05 1 0.9999999999999999 0.9999999999999999 0.9999999999999999 1 1
0 0 0 0 0.0001379835128783067 0.9999334876699317 0.9999999999999999 1 1 1 0.9999999999999999 1 1 1 0.9999999999999999 0.0007976461386073408 0 0 0 0 0 0 0 0 0 1 1 1 1 1 1
0 0 0 0 0.0004231589323744799 0.9999901864320235 1 1 0.9999999999999999 1 1 0.9999999999999998 1 1 0.9999187147004216 -0.0003867535307838402 0 0 0 0 0 0 0 0 0.0001100672656284329 0.9996164793726443 0.9999999999999999 1 1 1 1
0 0 0 0 0.0003458142259091068 0.9999999999999999 1 1 1 1 0.9999999999999998 0.9999999999999999 1 0.9999999999999998 1 -0.0001922446212858823 0 0 0 0 0 0 0 0 0.0001250213039298916 0.9999333219200081 1 1 1 0.9999999999999999 0.9999999999999999
0 0 0 0 0 0.9999999999999997 0.9999999999999999 0.9999999999999997 1 1 0.9999999999999999 1 0.9999999999999999 1 0.9999999999999998 -0.001529912777291418 0 0 0 0 0 0 0 0 0 0.9999999999999998 0.9999999999999999 1 0.9999999999999999 0.9999999999999998 1
0 0 0 0 0.0002600923419453437 1.000005836788898 0.9999999999999999 1 0.9999999999999998 0.9999999999999998 0.9999999999999998 0.9999999999999997 1 1 0.9999999999999999 0 0 0 0 0 0 0 0 0 0 0.9999999999999998 1 1 1 1 1
0 0 0 0 0 1 1 0.9999999999999999 1 0.9999999999999998 0.9999999999999999 0.9999999999999998 0.9999999999999998 0.9999999999999998 1 0.0001113869036712819 0 0 0 0 0 0 0 0 0.0001074605789258306 0.9999405264561982 1 1 0.9999999999999999 1 1
0 0 0 0 7.361309813220461e-06 0.99990435048008 1 1 1 1 1 1 0.9999999999999998 1 0.9999934227056275 -0.0003137139613184148 0 0 0 0 0 0 0 0 9.147187091714587e-05 0.9996771230903072 1 1 1 1 0.9999999999999999
0 0 0 0 0.0001883997352295046 0.9999919773417383 0.9999999999999998 0.9999999999999998 0.9999999999999999 1 1 0.9999999999999999 0.9999999999999998 1 1 1.906741552475563e-05 0 0 0 0 0 0 0 0 0 1 1 0.9999999999999998 1 1 1
0 0 0 0 8.324051851898801e-05 0.9999996577566455 1 1 1 0.9999999999999997 1 1 1 1 1 0.9999999999999999 1 1 1 1 1 0.9999999999999999 1 1 1 1 1 1 0.9999999999999998 0.9999999999999998 0.9999999999999998
0 0 0 0 0 0.9999808835541318 0.9999999999999998 1 0.9999999999999998 0.9999999999999999 1 0.9999999999999998 1 1 1 1 1 0.9999999999999998 1 0.9999999999999997 0.9999999999999999 1 1 1 1 1 1 1 1 1 1
0 0 0 0 0 1 0.9999999999999997 1 0.9999999999999999 1 1 0.9999999999999998 1 0.9999999999999999 1 0.9999999999999999 1 0.9999999999999999 1 1 0.9999999999999998 0.9999999999999998 0.9999999999999999 0.9999999999999999 1 0.9999999999999998 1 0.9999999999999997 1 1 1
0 0 0 0 0 1 0.9999999999999998 1 0.9999999999999998 1 1 1 0.9999999999999998 1 0.9999999999999999 1 1 1 0.9999999999999999 1 0.9999999999999999 1 1 1 1 0.9999999999999999 0.9999999999999999 1 0.9999999999999999 0.9999999999999997 0.9999999999999999
0 0 0 0 0 1 1 1 1 1 0.9999999999999999 1 0.9999999999999998 1 1 1 0.9999999999999999 1 1 1 0.9999999999999997 0.9999999999999999 0.9999999999999998 1 1 1 0.9999999999999999 0.9999999999999999 1 0.9999999999999999 0.9999999999999999
0 0 0 0 0 1 1 1 0.9999999999999998 1 0.9999999999999998 1 1 1 1 1 1 1 0.9999999999999998 1 0.9999999999999998 0.9999999999999999 1 1 0.9999999999999997 0.9999999999999999 0.9999999999999999 1 0.9999999999999999 1 1
0 0 0 0 0 0.9999999999999998 0.9999999999999999 0.9999999999999998 0.9999999999999999 1 1 1 0.9999999999999998 1 0.9999999999999999 1 1 1 1 0.9999999999999999 0.9999999999999998 1 1 1 1 1 0.9999999999999999 1 1 0.9999999999999998 1
0 0 0 0 0 1 0.9999999999999998 1 0.9999999999999998 1 0.9999999999999996 0.9999999999999996 1 1 0.9999999999999999 0.9999999999999998 1 0.9999999999999999 1 1 0.9999999999999998 0.9999999999999998 1 0.9999999999999998 0.9999999999999998 1 1 1 0.9999999999999999 1 1
0 0 0 0 0 0.9999808835541321 0.9999999999999999 1 1 1 0.9999999999999998 0.9999999999999997 1 1 1 1 1 1 1 0.9999999999999998 0.9999999999999999 0.9999999999999998 1 0.9999999999999998 0.9999999999999999 1 1 0.9999999999999999 1 0.9999999999999999 1
0 0 0 0 9.156457037088683e-05 0.9999996888696774 1 1 1 0.9999999999999997 0.9999999999999999 0.9999999999999999 1 1 1 0.9999999999999998 1 1 1 1 1 0.9999999999999999 0.9999999999999999 1 1 1 1 1 0.9999999999999999 0.9999999999999999 0.9999999999999998
0 0 0 0 0.0001883997352295261 0.9999919773417382 0.9999999999999999 0.9999999999999999 0.9999999999999999 1 0.9999999999999997 1 1 0.9999999999999999 0.9999889391514429 1.906741552477418e-05 0 0 0 0 0 0 0 0 0 0.9999999999999998 1 0.9999999999999999 1 0.9999999999999996 0.9999999999999999
0 0 0 0 9.372253148240899e-06 0.9999043504800801 1 1 0.9999999999999999 1 1 1 1 1 0.9999901340584416 -0.0003162408189447511 0 0 0 0 0 0 0 0 9.528319887206296e-05 0.9997001857267139 1 0.9999999999999998 0.9999999999999998 0.9999999999999999 0.9999999999999997
0 0 0 0 0 0.9999999999999998 1 1 0.9999999999999999 1 1 1 1 0.9999999999999999 1 0.0001113869036713468 0 0 0 0 0 0 0 0 0.000120893151291589 0.9999553948421489 0.9999999999999998 1 1 1 1
0 0 0 0 0.0002600923419453392 1.000005836788898 0.9999999999999999 1 0.9999999999999998 0.9999999999999998 0.9999999999999997 0.9999999999999997 1 0.9999999999999999 1 0 0 0 0 0 0 0 0 0 0 0.9999999999999999 1 1 0.9999999999999998 1 0.9999999999999998
0 0 0 0 0 1 1 0.9999999999999999 1 0.9999999999999999 0.9999999999999999 0.9999999999999999 1 0.9999999999999997 1 -0.001546421998444483 0 0 0 0 0 0 0 0 0 0.9999999999999998 1 1 1 1 0.9999999999999998
0 0 0 0 0.0003554201766288828 0.9999999999999999 0.9999999999999998 1 0.9999999999999998 1 1 1 1 0.9999999999999999 0.9999999999999999 -0.0001922446212859226 0 0 0 0 0 0 0 0 0.0001250213039298002 0.9999333219200082 0.9999999999999999 1 0.9999999999999998 0.9999999999999998 1
0 0 0 0 0.0004231589323745275 0.9999923672249073 1 1 1 1 0.9999999999999999 0.9999999999999999 1 0.9999999999999999 0.9999187147004214 -0.0003867535307837227 0 0 0 0 0 0 0 0 0.0001100672656283444 0.9996164793726443 0.9999999999999999 1 1 1 0.9999999999999999
0 0 0 0 0.0001379835128783067 0.9999366549237444 0.9999999999999999 1 1 0.9999999999999999 1 1 1 1 0.9999999999999998 0.0007976461386073186 0 0 0 0 0 0 0 0 0 1 1 1 1 1 0.9999999999999998
0 0 0 0 8.30113643439177e-05 0.9996386730571759 1 0.9999999999999998 1 0.9999999999999997 1 0.9999999999999999 0.9999999999999999 1 0.9999058699162714 -9.693023239325919e-05 0 0 0 0 0 0 0 0 1.173553893230375e-05 1 1 0.9999999999999999 0.9999999999999998 0.9999999999999998 1
0 0 0 0 0 0.9999823476472506 0.9999999999999997 0.9999999999999999 1 1 1 1 1 1 1 -0.0003237367872216815 0 0 0 0 0 0 0 0 3.624752524305241e-05 1 0.9999999999999998 1 1 0.9999999999999998 1
0 0 0 0 0.0002719472679912536 0.9996512778928217 0.9999999999999999 1 1 1 0.9999999999999999 1 1 0.9999999999999998 0.9999680054415175 -0.0001897644143765403 0 0 0 0 0 0 0 0 0 0.9997175477362895 1 1 1 0.9999999999999997 0.9999999999999999
0 0 0 0 -3.317202962991411e-05 0.9998872954392668 0.9999999999999999 1 1 0.9999999999999996 1 0.9999999999999999 1 1 0.9999999999999999 0.0003711574802722921 0 0 0 0 0 0 0 0 0 0.9999823571618046 0.9999999999999998 0.9999999999999998 0.9999999999999999 0.9999999999999999 1
0 0 0 0 5.462600312990707e-05 1 0.9999999999999998 1 1 1 0.9999999999999998 1 1 1 0.9999999999999998 0.0001053502118928208 0 0 0 0 0 0 0 0 6.520332515052691e-05 0.9999303620814047 0.9999999999999998 1 1 0.9999999999999999 0.9999999999999999
0 0 0 0 0 0.9999794410814712 1 1 0.9999999999999999 0.9999999999999999 0.9999999999999999 1 1 1 1 0 0 0 0 0 0 0 0 0 0.0002064567130194803 0.9997922540461709 0.9999999999999999 0.9999999999999999 0.9999999999999998 1 1
0 0 0 0 0 0.9999691925326913 1 1 0.9999999999999998 0.9999999999999999 0.9999999999999999 0.9999999999999999 0.9999999999999999 0.9999999999999998 1 0.0005211664064652349 0 0 0 0 0 0 0 0 3.079778789260723e-05 1 1 1 1 1 0.9999999999999998
0 0 0 0 0 0.9999374004536231 1 0.9999999999999998 1 1 0.9999999999999998 0.9999999999999998 1 1 1 0.9999752019968985 1 0.9999481291250438 1 0.9999692617249583 0.9999999999999999 0.9999999999999999 1 0.9999999999999999 0.9999999999999999 1 0.9999999999999998 1 1 1 1
0 0 0 0 0 0.9999999999999999 0.9999999999999998 0.9999999999999999 1 1 1 0.9999999999999997 0.9999999999999999 0.9999999999999997 1 1 0.9999999999999997 1 1 0.9999999999999997 1 0.9999999999999999 0.9999999999999999 1 1 0.9999999999999998 0.9999999999999998 1 1 0.9999999999999999 1
0 0 0 0 0 1 1 0.9999999999999999 1 1 1 0.9999999999999998 0.9999999999999998 0.9999999999999998 0.9999999999999999 1 0.9999999999999999 1 0.9999999999999998 1 0.9999999999999999 1 0.9999999999999999 0.9999999999999999 0.9999999999999998 1 1 1 0.9999999999999998 0.9999999999999998 0.9999999999999998
0 0 0 0 0 1 1 1 1 0.9999999999999996 1 1 0.9999999999999999 1 0.9999999999999999 0.9999999999999998 1 1 0.9999999999999999 0.9999999999999998 1 1 0.9999999999999999 1 1 0.9999999999999999 1 1 1 1 0.9999999999999998
0 0 0 0 0 1 0.9999999999999999 1 0.9999999999999999 1 1 1 1 0.9999999999999999 1 1 1 0.9999999999999999 1 1 1 1 0.9999999999999999 0.9999999999999997 0.9999999999999999 0.9999999999999999 1 0.9999999999999998 1 1 1
0 0 0 0 0 0.9999999999999999 0.9999999999999998 1 1 1 1 0.9999999999999998 1 1 0.9999999999999999 1 0.9999999999999999 1 1 0.9999999999999999 0.9999999999999999 1 1 1 1 1 0.9999999999999999 1 1 1 0.9999999999999999
0 0 0 0 0 1 0.9999999999999998 0.9999999999999999 1 1 0.9999999999999999 0.9999999999999999 1 0.9999999999999999 0.9999999999999999 0.9999999999999999 1 1 0.9999999999999998 1 1 1 0.9999999999999999 1 0.9999999999999999 0.9999999999999997 1 0.9999999999999999 0.9999999999999998 1 0.9999999999999999
0 0 0 0 0 0.9999999999999999 0.9999999999999999 1 0.9999999999999998 1 1 0.9999999999999998 0.9999999999999998 1 1 1 1 0.9999999999999999 0.9999999999999999 1 0.9999999999999997 1 1 1 0.9999999999999998 0.9999999999999998 1 1 1 0.9999999999999999 0.9999999999999998
0 0 0 0 -1.198006397670061e-06 0.9999974400608489 1 0.9999999999999999 1 1 1 1 1 1 0.9999999999999999 1 1 0.9999999999999998 0.9999999999999998 1 1 1 1 1 1 0.9999999999999999 1 1 1 1 1
0 0 0 0 0 1 0.9999999999999999 1 1 0.9999999999999999 1 0.9999999999999998 0.9999999999999998 1 0.9999999999999999 1 0.9999999999999996 0.9999999999999999 1 1 1 1 1 1 1 0.9999999999999999 0.9999999999999999 0.9999999999999998 1 1 0.9999999999999999
0 0 0 0 0 0.9999999999999999 0.9999999999999999 1 1 1 0.9999999999999999 1 0.9999999999999999 0.9999999999999998 1 -0.08305426732300267 0.002473283403974146 -0.04471068971279139 -0.03612164937570854 -0.008743552964035948 -0.05037188860041181 -0.0003207736127334696 -0.03775105721367893 -0.01380840742482526 -0.01174263668994273 0.9999751498324873 0.9999999999999997 1 1 1 0.9999999999999998
0 0 0 0 0.0001259658892547998 1 1 0.9999999999999999 0.9999999999999998 1 0.9999999999999998 0.9999999999999999 0.9999999999999998 0.9999999999999999 1 0.0006421201466289809 0 0 0 0 0 0 0 0 0 1 1 0.9999999999999999 1 1 0.9999999999999999
0 0 0 0 6.056291089218871e-05 0.9998193602888251 1 0.9999999999999999 1 0.9999999999999998 1 1 1 1 1 -0.002281318851497735 0 0 0 0 0 0 0 0 0.0001079717618470836 1.000012960705962 1 1 0.9999999999999999 0.9999999999999999 1
0 0 0 0 0 1 0.9999999999999999 1 1 0.9999999999999998 1 1 1 0.9999999999999999 0.9997977494995722 -0.0004185335130897925 0 0 0 0 0 0 0 0 0 1 1 1 1 0.9999999999999998 0.9999999999999999
0 0 0 0 0.0004101699178898156 1 0.9999999999999999 0.9999999999999999 0.9999999999999999 0.9999999999999999 1 1 1 0.9999999999999999 0.9997640223480833 0.0005417571071683864 0 0 0 0 0 0 0 0 0.0002188765422476572 0.9998452239213685 1 1 1 1 0.9999999999999999
0 0 0 0 0 0.9997607388088733 0.9999999999999999 1 1 0.9999999999999999 0.9999999999999999 1 1 0.9999999999999999 1 -0.001112996714040684 0 0 0 0 0 0 0 0 7.808387217783637e-07 1 0.9999999999999998 1 0.9999999999999999 1 1
0 0 0 0 3.062666384566511e-05 0.9997333984818668 0.9999999999999999 1 1 1 1 1 1 1 0.9999496156757577 -0.0005878134541025845 0 0 0 0 0 0 0 0 0.0005102155768074617 0.9999476468402571 0.9999999999999999 1 0.9999999999999999 0.9999999999999997 1
0 0 0 0 7.402455836019904e-05 0.9997075177292812 1 1 1 0.9999999999999999 1 0.9999999999999999 1 1 0.9999941600735757 0.0004270786535901974 0 0 0 0 0 0 0 0 0.0002976095249433632 0.9998790774852792 0.9999999999999998 1 0.9999999999999999 1 1
0 0 0 0 0.000245312853575408 1 1 1 1 1 1 1 0.9999999999999999 1 0.9999760426808916 0.0001572652832173905 0 0 0 0 0 0 0 0 0 1 1 0.9999999999999997 0.9999999999999999 0.9999999999999999 1
0 0 0 0 0.0004508809064021942 0.9999521209109016 0.9999999999999999 1 0.9999999999999998 0.9999999999999998 0.9999999999999999 0.9999999999999998 1 1 0.9999944766303255 -0.0006221623403120994 0 0 0 0 0 0 0 0 0 0.9999263034849786 0.9999999999999998 1 1 1 1
0 0 0 0 -5.002267924399528e-06 0.9999999999999999 0.9999999999999998 0.9999999999999999 0.9999999999999999 0.9999999999999999 0.9999999999999999 1 0.9999999999999998 1 1 -0.001484545344380324 0 0 0 0 0 0 0 0 0.0005084439273620104 0.9999396261503785 0.9999999999999998 0.9999999999999998 1 0.9999999999999998 1
0 0 0 0 0 0.9999963355163343 0.9999999999999999 0.9999999999999999 1 1 0.9999999999999999 1 1 1 0.9999315577294798 -0.0003050635038695158 0 0 0 0 0 0 0 0 4.029954366840417e-05 0.9996319114581825 1 1 1 0.9999999999999998 0.9999999999999999
0 0 0 0 7.725601441757759e-05 0.9996742876759731 0.9999999999999999 1 1 1 1 1 1 1 0.9999950055258651 -0.003402833509015643 0 0 0 0 0 0 0 0 2.592397514094395e-05 0.9998920000380361 0.9999999999999998 1 0.9999999999999998 1 1
0 0 0 0 0.0001093500087482663 1 1 1 0.9999999999999999 0.9999999999999999 1 0.9999999999999999 1 0.9999999999999999 1 -0.001682905591344009 0 0 0 0 0 0 0 0 0.0001792375142541325 0.9999480950717977 1 1 1 0.9999999999999999 0.9999999999999999
0 0 0 0 0 1 0.9999999999999999 1 1 1 1 1 1 0.9999999999999999 0.9999934595489023 -0.0002057836982062624 0 0 0 0 0 0 0 0 0 0.9999999999999999 1 1 1 0.9999999999999998 0.9999999999999998
0 0 0 0 0 1 1 1 1 1 0.9999999999999998 1 0.9999999999999999 0.9999999999999997 0.9999999999999998 1.033223363439167 0.9051876992068385 1.021822102109891 0.9458107544602385 1.006710884807987 0.9980149086834444 0.9859567363561276 1.035491514466012 0.9684802923033367 1.058074403698789 1 0.9999999999999997 1 1 1 1
0 0 0 0 0 1 1 1 0.9999999999999999 1 1 1 0.9999999999999998 1 1 0.9999999999999999 0.9999999999999999 0.9999999999999999 0.9999999999999999 0.9999999999999999 1 0.9999999999999998 0.9999999999999998 1 1 1 1 1 1 0.9999999999999999 0.9999999999999999
0 0 0 0 4.520862377992105e-05 1 1 1 0.9999999999999998 0.9999999999999998 1 1 1 1 0.9999999999999998 0.9999999999999998 1 0.9999999999999999 1 1 1 0.9999999999999999 1 1 1 1 1 1 1 1 0.9999999999999998
0 0 0 0 0 0.9999999999999999 1 1 0.9999999999999999 1 1 1 0.9999999999999998 1 1 1 1 1 1 1 0.9999999999999998 1 0.9999999999999999 0.9999999999999999 0.9999999999999999 0.9999999999999997 0.9999999999999997 0.9999999999999998 0.9999999999999998 1 1
0 0 0 0 0 0.9999999999999999 0.9999999999999998 1 1 0.9999999999999999 1 1 0.9999999999999999 1 1 0.9999999999999999 1 1 1 0.9999999999999999 1 1 1 1 1 1 1 1 0.9999999999999999 1 0.9999999999999997

